3 0.000000 -0.012422
4 0.000000 -0.012422
243 0.000000 -0.012422
244 0.000000 -0.012422
245 0.000000 -0.012422
246 0.000000 -0.012422
247 0.000000 -0.012422
248 0.000000 -0.012422
249 0.000000 -0.012422
250 0.000000 -0.012422
251 0.000000 -0.012422
252 0.000000 -0.012422
253 0.000000 -0.012422
254 0.000000 -0.012422
255 0.000000 -0.012422
256 0.000000 -0.012422
257 0.000000 -0.012422
258 0.000000 -0.012422
259 0.000000 -0.012422
260 0.000000 -0.012422
261 0.000000 -0.012422
262 0.000000 -0.012422
263 0.000000 -0.012422
264 0.000000 -0.012422
265 0.000000 -0.012422
266 0.000000 -0.012422
267 0.000000 -0.012422
268 0.000000 -0.012422
269 0.000000 -0.012422
270 0.000000 -0.012422
271 0.000000 -0.012422
272 0.000000 -0.012422
273 0.000000 -0.012422
274 0.000000 -0.012422
275 0.000000 -0.012422
276 0.000000 -0.012422
277 0.000000 -0.012422
278 0.000000 -0.012422
279 0.000000 -0.012422
280 0.000000 -0.012422
281 0.000000 -0.012422
282 0.000000 -0.012422
283 0.000000 -0.012422
284 0.000000 -0.012422
285 0.000000 -0.012422
286 0.000000 -0.012422
287 0.000000 -0.012422
288 0.000000 -0.012422
289 0.000000 -0.012422
290 0.000000 -0.012422
291 0.000000 -0.012422
292 0.000000 -0.012422
293 0.000000 -0.012422
294 0.000000 -0.012422
295 0.000000 -0.012422
296 0.000000 -0.012422
297 0.000000 -0.012422
298 0.000000 -0.012422
299 0.000000 -0.012422
300 0.000000 -0.012422
301 0.000000 -0.012422
302 0.000000 -0.012422
303 0.000000 -0.012422
304 0.000000 -0.012422
305 0.000000 -0.012422
306 0.000000 -0.012422
307 0.000000 -0.012422
308 0.000000 -0.012422
309 0.000000 -0.012422
310 0.000000 -0.012422
311 0.000000 -0.012422
312 0.000000 -0.012422
313 0.000000 -0.012422
314 0.000000 -0.012422
315 0.000000 -0.012422
316 0.000000 -0.012422
317 0.000000 -0.012422
318 0.000000 -0.012422
319 0.000000 -0.012422
320 0.000000 -0.012422
321 0.000000 -0.012422
322 0.000000 -0.012422
323 0.000000 -0.012422
324 0.000000 -0.012422
325 0.000000 -0.012422
326 0.000000 -0.012422
327 0.000000 -0.012422
328 0.000000 -0.012422
329 0.000000 -0.012422
330 0.000000 -0.012422
331 0.000000 -0.012422
332 0.000000 -0.012422
333 0.000000 -0.012422
334 0.000000 -0.012422
335 0.000000 -0.012422
336 0.000000 -0.012422
337 0.000000 -0.012422
338 0.000000 -0.012422
339 0.000000 -0.012422
340 0.000000 -0.012422
341 0.000000 -0.012422
342 0.000000 -0.012422
343 0.000000 -0.012422
344 0.000000 -0.012422
345 0.000000 -0.012422
346 0.000000 -0.012422
347 0.000000 -0.012422
348 0.000000 -0.012422
349 0.000000 -0.012422
350 0.000000 -0.012422
351 0.000000 -0.012422
352 0.000000 -0.012422
353 0.000000 -0.012422
354 0.000000 -0.012422
355 0.000000 -0.012422
356 0.000000 -0.012422
357 0.000000 -0.012422
358 0.000000 -0.012422
359 0.000000 -0.012422
360 0.000000 -0.012422
361 0.000000 -0.012422
362 0.000000 -0.012422
363 0.000000 -0.012422
364 0.000000 -0.012422
365 0.000000 -0.012422
366 0.000000 -0.012422
367 0.000000 -0.012422
368 0.000000 -0.012422
369 0.000000 -0.012422
370 0.000000 -0.012422
371 0.000000 -0.012422
372 0.000000 -0.012422
373 0.000000 -0.012422
374 0.000000 -0.012422
375 0.000000 -0.012422
376 0.000000 -0.012422
377 0.000000 -0.012422
378 0.000000 -0.012422
379 0.000000 -0.012422
380 0.000000 -0.012422
381 0.000000 -0.012422
382 0.000000 -0.012422
383 0.000000 -0.012422
384 0.000000 -0.012422
385 0.000000 -0.012422
386 0.000000 -0.012422
387 0.000000 -0.012422
388 0.000000 -0.012422
389 0.000000 -0.012422
390 0.000000 -0.012422
391 0.000000 -0.012422
392 0.000000 -0.012422
393 0.000000 -0.012422
394 0.000000 -0.012422
395 0.000000 -0.012422
396 0.000000 -0.012422
397 0.000000 -0.012422
398 0.000000 -0.012422
399 0.000000 -0.012422
400 0.000000 -0.012422
401 0.000000 -0.012422
