0 0.0000 0.0000 0 -1
1 2.0000 0.0000 0 -1
2 2.0000 0.5000 -1 0
3 2.0000 1.0000 -1 0
4 0.0000 1.0000 -1 0
5 0.0000 0.5000 -1 0
6 0.0250 0.0000 0 -1
7 0.0500 0.0000 0 -1
8 0.0750 0.0000 0 -1
9 0.1000 0.0000 0 -1
10 0.1250 0.0000 0 -1
11 0.1500 0.0000 0 -1
12 0.1750 0.0000 0 -1
13 0.2000 0.0000 0 -1
14 0.2250 0.0000 0 -1
15 0.2500 0.0000 0 -1
16 0.2750 0.0000 0 -1
17 0.3000 0.0000 0 -1
18 0.3250 0.0000 0 -1
19 0.3500 0.0000 0 -1
20 0.3750 0.0000 0 -1
21 0.4000 0.0000 0 -1
22 0.4250 0.0000 0 -1
23 0.4500 0.0000 0 -1
24 0.4750 0.0000 0 -1
25 0.5000 0.0000 0 -1
26 0.5250 0.0000 0 -1
27 0.5500 0.0000 0 -1
28 0.5750 0.0000 0 -1
29 0.6000 0.0000 0 -1
30 0.6250 0.0000 0 -1
31 0.6500 0.0000 0 -1
32 0.6750 0.0000 0 -1
33 0.7000 0.0000 0 -1
34 0.7250 0.0000 0 -1
35 0.7500 0.0000 0 -1
36 0.7750 0.0000 0 -1
37 0.8000 0.0000 0 -1
38 0.8250 0.0000 0 -1
39 0.8500 0.0000 0 -1
40 0.8750 0.0000 0 -1
41 0.9000 0.0000 0 -1
42 0.9250 0.0000 0 -1
43 0.9500 0.0000 0 -1
44 0.9750 0.0000 0 -1
45 1.0000 0.0000 0 -1
46 1.0250 0.0000 0 -1
47 1.0500 0.0000 0 -1
48 1.0750 0.0000 0 -1
49 1.1000 0.0000 0 -1
50 1.1250 0.0000 0 -1
51 1.1500 0.0000 0 -1
52 1.1750 0.0000 0 -1
53 1.2000 0.0000 0 -1
54 1.2250 0.0000 0 -1
55 1.2500 0.0000 0 -1
56 1.2750 0.0000 0 -1
57 1.3000 0.0000 0 -1
58 1.3250 0.0000 0 -1
59 1.3500 0.0000 0 -1
60 1.3750 0.0000 0 -1
61 1.4000 0.0000 0 -1
62 1.4250 0.0000 0 -1
63 1.4500 0.0000 0 -1
64 1.4750 0.0000 0 -1
65 1.5000 0.0000 0 -1
66 1.5250 0.0000 0 -1
67 1.5500 0.0000 0 -1
68 1.5750 0.0000 0 -1
69 1.6000 0.0000 0 -1
70 1.6250 0.0000 0 -1
71 1.6500 0.0000 0 -1
72 1.6750 0.0000 0 -1
73 1.7000 0.0000 0 -1
74 1.7250 0.0000 0 -1
75 1.7500 0.0000 0 -1
76 1.7750 0.0000 0 -1
77 1.8000 0.0000 0 -1
78 1.8250 0.0000 0 -1
79 1.8500 0.0000 0 -1
80 1.8750 0.0000 0 -1
81 1.9000 0.0000 0 -1
82 1.9250 0.0000 0 -1
83 1.9500 0.0000 0 -1
84 1.9750 0.0000 0 -1
85 2.0000 0.0250 -1 0
86 2.0000 0.0500 -1 0
87 2.0000 0.0750 -1 0
88 2.0000 0.1000 -1 0
89 2.0000 0.1250 -1 0
90 2.0000 0.1500 -1 0
91 2.0000 0.1750 -1 0
92 2.0000 0.2000 -1 0
93 2.0000 0.2250 -1 0
94 2.0000 0.2500 -1 0
95 2.0000 0.2750 -1 0
96 2.0000 0.3000 -1 0
97 2.0000 0.3250 -1 0
98 2.0000 0.3500 -1 0
99 2.0000 0.3750 -1 0
100 2.0000 0.4000 -1 0
101 2.0000 0.4250 -1 0
102 2.0000 0.4500 -1 0
103 2.0000 0.4750 -1 0
104 2.0000 0.5250 -1 0
105 2.0000 0.5500 -1 0
106 2.0000 0.5750 -1 0
107 2.0000 0.6000 -1 0
108 2.0000 0.6250 -1 0
109 2.0000 0.6500 -1 0
110 2.0000 0.6750 -1 0
111 2.0000 0.7000 -1 0
112 2.0000 0.7250 -1 0
113 2.0000 0.7500 -1 0
114 2.0000 0.7750 -1 0
115 2.0000 0.8000 -1 0
116 2.0000 0.8250 -1 0
117 2.0000 0.8500 -1 0
118 2.0000 0.8750 -1 0
119 2.0000 0.9000 -1 0
120 2.0000 0.9250 -1 0
121 2.0000 0.9500 -1 0
122 2.0000 0.9750 -1 0
123 1.9750 1.0000 0 0
124 1.9500 1.0000 0 0
125 1.9250 1.0000 0 0
126 1.9000 1.0000 0 0
127 1.8750 1.0000 0 0
128 1.8500 1.0000 0 0
129 1.8250 1.0000 0 0
130 1.8000 1.0000 0 0
131 1.7750 1.0000 0 0
132 1.7500 1.0000 0 0
133 1.7250 1.0000 0 0
134 1.7000 1.0000 0 0
135 1.6750 1.0000 0 0
136 1.6500 1.0000 0 0
137 1.6250 1.0000 0 0
138 1.6000 1.0000 0 0
139 1.5750 1.0000 0 0
140 1.5500 1.0000 0 0
141 1.5250 1.0000 0 0
142 1.5000 1.0000 0 0
143 1.4750 1.0000 0 0
144 1.4500 1.0000 0 0
145 1.4250 1.0000 0 0
146 1.4000 1.0000 0 0
147 1.3750 1.0000 0 0
148 1.3500 1.0000 0 0
149 1.3250 1.0000 0 0
150 1.3000 1.0000 0 0
151 1.2750 1.0000 0 0
152 1.2500 1.0000 0 0
153 1.2250 1.0000 0 0
154 1.2000 1.0000 0 0
155 1.1750 1.0000 0 0
156 1.1500 1.0000 0 0
157 1.1250 1.0000 0 0
158 1.1000 1.0000 0 0
159 1.0750 1.0000 0 0
160 1.0500 1.0000 0 0
161 1.0250 1.0000 0 0
162 1.0000 1.0000 0 0
163 0.9750 1.0000 0 0
164 0.9500 1.0000 0 0
165 0.9250 1.0000 0 0
166 0.9000 1.0000 0 0
167 0.8750 1.0000 0 0
168 0.8500 1.0000 0 0
169 0.8250 1.0000 0 0
170 0.8000 1.0000 0 0
171 0.7750 1.0000 0 0
172 0.7500 1.0000 0 0
173 0.7250 1.0000 0 0
174 0.7000 1.0000 0 0
175 0.6750 1.0000 0 0
176 0.6500 1.0000 0 0
177 0.6250 1.0000 0 0
178 0.6000 1.0000 0 0
179 0.5750 1.0000 0 0
180 0.5500 1.0000 0 0
181 0.5250 1.0000 0 0
182 0.5000 1.0000 0 0
183 0.4750 1.0000 0 0
184 0.4500 1.0000 0 0
185 0.4250 1.0000 0 0
186 0.4000 1.0000 0 0
187 0.3750 1.0000 0 0
188 0.3500 1.0000 0 0
189 0.3250 1.0000 0 0
190 0.3000 1.0000 0 0
191 0.2750 1.0000 0 0
192 0.2500 1.0000 0 0
193 0.2250 1.0000 0 0
194 0.2000 1.0000 0 0
195 0.1750 1.0000 0 0
196 0.1500 1.0000 0 0
197 0.1250 1.0000 0 0
198 0.1000 1.0000 0 0
199 0.0750 1.0000 0 0
200 0.0500 1.0000 0 0
201 0.0250 1.0000 0 0
202 0.0000 0.9750 -1 0
203 0.0000 0.9500 -1 0
204 0.0000 0.9250 -1 0
205 0.0000 0.9000 -1 0
206 0.0000 0.8750 -1 0
207 0.0000 0.8500 -1 0
208 0.0000 0.8250 -1 0
209 0.0000 0.8000 -1 0
210 0.0000 0.7750 -1 0
211 0.0000 0.7500 -1 0
212 0.0000 0.7250 -1 0
213 0.0000 0.7000 -1 0
214 0.0000 0.6750 -1 0
215 0.0000 0.6500 -1 0
216 0.0000 0.6250 -1 0
217 0.0000 0.6000 -1 0
218 0.0000 0.5750 -1 0
219 0.0000 0.5500 -1 0
220 0.0000 0.5250 -1 0
221 0.0000 0.4750 -1 0
222 0.0000 0.4500 -1 0
223 0.0000 0.4250 -1 0
224 0.0000 0.4000 -1 0
225 0.0000 0.3750 -1 0
226 0.0000 0.3500 -1 0
227 0.0000 0.3250 -1 0
228 0.0000 0.3000 -1 0
229 0.0000 0.2750 -1 0
230 0.0000 0.2500 -1 0
231 0.0000 0.2250 -1 0
232 0.0000 0.2000 -1 0
233 0.0000 0.1750 -1 0
234 0.0000 0.1500 -1 0
235 0.0000 0.1250 -1 0
236 0.0000 0.1000 -1 0
237 0.0000 0.0750 -1 0
238 0.0000 0.0500 -1 0
239 0.0000 0.0250 -1 0
240 1.9750 0.5000 0 0
241 1.9500 0.5000 0 0
242 1.9250 0.5000 0 0
243 1.9000 0.5000 0 0
244 1.8750 0.5000 0 0
245 1.8500 0.5000 0 0
246 1.8250 0.5000 0 0
247 1.8000 0.5000 0 0
248 1.7750 0.5000 0 0
249 1.7500 0.5000 0 0
250 1.7250 0.5000 0 0
251 1.7000 0.5000 0 0
252 1.6750 0.5000 0 0
253 1.6500 0.5000 0 0
254 1.6250 0.5000 0 0
255 1.6000 0.5000 0 0
256 1.5750 0.5000 0 0
257 1.5500 0.5000 0 0
258 1.5250 0.5000 0 0
259 1.5000 0.5000 0 0
260 1.4750 0.5000 0 0
261 1.4500 0.5000 0 0
262 1.4250 0.5000 0 0
263 1.4000 0.5000 0 0
264 1.3750 0.5000 0 0
265 1.3500 0.5000 0 0
266 1.3250 0.5000 0 0
267 1.3000 0.5000 0 0
268 1.2750 0.5000 0 0
269 1.2500 0.5000 0 0
270 1.2250 0.5000 0 0
271 1.2000 0.5000 0 0
272 1.1750 0.5000 0 0
273 1.1500 0.5000 0 0
274 1.1250 0.5000 0 0
275 1.1000 0.5000 0 0
276 1.0750 0.5000 0 0
277 1.0500 0.5000 0 0
278 1.0250 0.5000 0 0
279 1.0000 0.5000 0 0
280 0.9750 0.5000 0 0
281 0.9500 0.5000 0 0
282 0.9250 0.5000 0 0
283 0.9000 0.5000 0 0
284 0.8750 0.5000 0 0
285 0.8500 0.5000 0 0
286 0.8250 0.5000 0 0
287 0.8000 0.5000 0 0
288 0.7750 0.5000 0 0
289 0.7500 0.5000 0 0
290 0.7250 0.5000 0 0
291 0.7000 0.5000 0 0
292 0.6750 0.5000 0 0
293 0.6500 0.5000 0 0
294 0.6250 0.5000 0 0
295 0.6000 0.5000 0 0
296 0.5750 0.5000 0 0
297 0.5500 0.5000 0 0
298 0.5250 0.5000 0 0
299 0.5000 0.5000 0 0
300 0.4750 0.5000 0 0
301 0.4500 0.5000 0 0
302 0.4250 0.5000 0 0
303 0.4000 0.5000 0 0
304 0.3750 0.5000 0 0
305 0.3500 0.5000 0 0
306 0.3250 0.5000 0 0
307 0.3000 0.5000 0 0
308 0.2750 0.5000 0 0
309 0.2500 0.5000 0 0
310 0.2250 0.5000 0 0
311 0.2000 0.5000 0 0
312 0.1750 0.5000 0 0
313 0.1500 0.5000 0 0
314 0.1250 0.5000 0 0
315 0.1000 0.5000 0 0
316 0.0750 0.5000 0 0
317 0.0500 0.5000 0 0
318 0.0250 0.5000 0 0
319 1.6500 0.4134 0 0
320 1.4500 0.4134 0 0
321 1.2487 0.4158 0 0
322 1.0500 0.4134 0 0
323 0.3500 0.0866 0 0
324 0.5500 0.0866 0 0
325 0.7500 0.0866 0 0
326 0.9500 0.0866 0 0
327 1.7500 0.0866 0 0
328 1.5500 0.0866 0 0
329 1.3500 0.0866 0 0
330 0.2500 0.4134 0 0
331 0.4500 0.4134 0 0
332 1.1513 0.0842 0 0
333 0.6500 0.4134 0 0
334 0.8500 0.4134 0 0
335 0.0814 0.2452 0 0
336 1.9186 0.2548 0 0
337 0.1569 0.0960 0 0
338 1.8431 0.4040 0 0
339 0.9500 0.4134 0 0
340 1.0000 0.3268 0 0
341 1.0987 0.3276 0 0
342 1.0500 0.2402 0 0
343 1.1498 0.2461 0 0
344 0.9500 0.2402 0 0
345 1.0501 0.0853 0 0
346 1.6500 0.0866 0 0
347 1.6000 0.1732 0 0
348 1.5000 0.1732 0 0
349 1.5500 0.2598 0 0
350 1.4500 0.2598 0 0
351 1.6500 0.2598 0 0
352 1.4000 0.1732 0 0
353 1.3500 0.2598 0 0
354 1.2516 0.0854 0 0
355 1.3016 0.1722 0 0
356 1.2502 0.2546 0 0
357 1.7000 0.1732 0 0
358 1.7576 0.2593 0 0
359 1.8031 0.1649 0 0
360 1.8498 0.0849 0 0
361 0.7500 0.4134 0 0
362 0.7000 0.3268 0 0
363 0.6000 0.3268 0 0
364 0.6500 0.2402 0 0
365 0.7500 0.2402 0 0
366 0.5500 0.2402 0 0
367 0.5000 0.3268 0 0
368 0.4500 0.2402 0 0
369 0.8000 0.3268 0 0
370 0.8500 0.2402 0 0
371 1.7445 0.4162 0 0
372 0.3500 0.4134 0 0
373 0.3000 0.3268 0 0
374 0.1981 0.3350 0 0
375 0.2421 0.2419 0 0
376 0.3487 0.2437 0 0
377 0.1502 0.4151 0 0
378 0.3998 0.3274 0 0
379 1.4500 0.0866 0 0
380 0.5500 0.4134 0 0
381 0.8500 0.0866 0 0
382 0.2555 0.0838 0 0
383 0.6500 0.0866 0 0
384 0.4500 0.0866 0 0
385 1.3499 0.4147 0 0
386 1.5500 0.4134 0 0
387 1.1482 0.4147 0 0
388 0.9000 0.3268 0 0
389 1.9205 0.3476 0 0
390 0.0795 0.1524 0 0
391 0.0940 0.3419 0 0
392 1.9062 0.1581 0 0
393 1.8431 0.3063 0 0
394 0.1569 0.1939 0 0
395 1.1972 0.3322 0 0
396 1.2028 0.1679 0 0
397 1.6000 0.3366 0 0
398 1.6960 0.3381 0 0
399 1.5000 0.3366 0 0
400 1.4000 0.3366 0 0
401 1.2993 0.3356 0 0
402 0.3037 0.1627 0 0
403 0.4000 0.1634 0 0
404 1.1007 0.1645 0 0
405 1.0001 0.1634 0 0
406 0.5000 0.1634 0 0
407 0.6000 0.1634 0 0
408 0.7000 0.1634 0 0
409 0.8000 0.1634 0 0
410 0.9000 0.1634 0 0
411 0.0732 0.4268 0 0
412 1.9268 0.0732 0 0
413 1.9268 0.4268 0 0
414 0.0732 0.0732 0 0
415 1.7747 0.3435 0 0
416 0.2252 0.1566 0 0
417 1.8449 0.2291 0 0
418 0.1545 0.2716 0 0
419 0.1742 0.3750 0 0
420 0.1221 0.3785 0 0
421 0.1461 0.3384 0 0
422 1.8265 0.1249 0 0
423 1.8780 0.1215 0 0
424 1.8546 0.1615 0 0
425 0.1182 0.1242 0 0
426 0.1569 0.1449 0 0
427 0.1182 0.1731 0 0
428 1.8818 0.3758 0 0
429 1.8431 0.3552 0 0
430 1.8818 0.3270 0 0
431 0.1243 0.3067 0 0
432 0.1763 0.3033 0 0
433 1.8755 0.1936 0 0
434 1.8240 0.1970 0 0
435 0.1911 0.1263 0 0
436 0.1910 0.1752 0 0
437 1.8089 0.3738 0 0
438 1.8089 0.3249 0 0
439 1.2229 0.3740 0 0
440 1.2483 0.3339 0 0
441 1.2740 0.3757 0 0
442 1.1771 0.1261 0 0
443 1.1517 0.1662 0 0
444 1.1260 0.1244 0 0
445 0.9000 0.2402 0 0
446 0.9250 0.2835 0 0
447 0.8750 0.2835 0 0
448 0.8250 0.2835 0 0
449 0.8500 0.3268 0 0
450 1.3750 0.2165 0 0
451 1.3258 0.2160 0 0
452 1.3508 0.1727 0 0
453 0.3993 0.2420 0 0
454 0.4249 0.2838 0 0
455 0.3742 0.2856 0 0
456 1.3750 0.1299 0 0
457 1.3258 0.1294 0 0
458 1.3001 0.2572 0 0
459 1.2759 0.2134 0 0
460 0.4750 0.2835 0 0
461 0.4499 0.3271 0 0
462 0.4750 0.3701 0 0
463 0.4249 0.3704 0 0
464 1.4000 0.0866 0 0
465 1.4250 0.1299 0 0
466 1.7223 0.4581 0 0
467 1.7723 0.4581 0 0
468 1.8749 0.0424 0 0
469 1.8249 0.0424 0 0
470 0.9750 0.0433 0 0
471 1.0250 0.0426 0 0
472 1.0000 0.0859 0 0
473 0.8250 0.3701 0 0
474 0.8750 0.3701 0 0
475 1.6750 0.4567 0 0
476 1.6973 0.4148 0 0
477 1.0750 0.0426 0 0
478 0.5250 0.3701 0 0
479 0.5000 0.4134 0 0
480 0.8750 0.4567 0 0
481 0.9000 0.4134 0 0
482 0.9250 0.4567 0 0
483 0.7750 0.2835 0 0
484 0.8000 0.2402 0 0
485 1.8215 0.4520 0 0
486 1.8715 0.4520 0 0
487 0.7250 0.2835 0 0
488 0.7500 0.3268 0 0
489 1.6250 0.2165 0 0
490 1.6500 0.1732 0 0
491 1.6750 0.2165 0 0
492 1.3008 0.0860 0 0
493 1.2766 0.1288 0 0
494 1.6000 0.0866 0 0
495 1.6250 0.1299 0 0
496 1.5750 0.1299 0 0
497 1.6750 0.1299 0 0
498 1.7750 0.0433 0 0
499 1.7999 0.0857 0 0
500 1.3750 0.0433 0 0
501 1.4250 0.0433 0 0
502 0.7250 0.3701 0 0
503 0.7750 0.3701 0 0
504 0.8000 0.4134 0 0
505 0.1251 0.4576 0 0
506 0.1751 0.4576 0 0
507 0.3243 0.2853 0 0
508 0.3499 0.3271 0 0
509 1.5750 0.0433 0 0
510 1.6250 0.0433 0 0
511 1.3250 0.0433 0 0
512 1.2758 0.0427 0 0
513 1.7938 0.4101 0 0
514 1.5250 0.1299 0 0
515 1.4750 0.1299 0 0
516 1.5000 0.0866 0 0
517 0.3000 0.4134 0 0
518 0.2750 0.3701 0 0
519 0.3250 0.3701 0 0
520 0.3749 0.3704 0 0
521 0.4750 0.4567 0 0
522 0.5250 0.4567 0 0
523 1.4500 0.1732 0 0
524 1.7288 0.2162 0 0
525 1.7038 0.2595 0 0
526 1.5500 0.1732 0 0
527 1.5750 0.2165 0 0
528 1.5250 0.2165 0 0
529 0.8250 0.4567 0 0
530 0.7750 0.4567 0 0
531 0.2750 0.4567 0 0
532 0.3250 0.4567 0 0
533 0.2491 0.3309 0 0
534 0.2201 0.2884 0 0
535 0.2711 0.2843 0 0
536 1.1257 0.0421 0 0
537 1.1007 0.0847 0 0
538 1.5000 0.2598 0 0
539 1.4750 0.2165 0 0
540 0.2241 0.3742 0 0
541 1.7000 0.0866 0 0
542 1.7250 0.1299 0 0
543 0.7000 0.4134 0 0
544 0.6750 0.3701 0 0
545 0.6500 0.3268 0 0
546 0.6250 0.2835 0 0
547 0.6750 0.2835 0 0
548 0.7000 0.2402 0 0
549 1.6000 0.2598 0 0
550 1.7766 0.1258 0 0
551 0.6250 0.3701 0 0
552 0.6000 0.4134 0 0
553 0.5750 0.3701 0 0
554 0.9250 0.3701 0 0
555 1.7250 0.0433 0 0
556 1.6750 0.0433 0 0
557 1.7516 0.1691 0 0
558 0.5500 0.3268 0 0
559 0.4000 0.4134 0 0
560 1.1757 0.0421 0 0
561 1.2258 0.0427 0 0
562 1.2014 0.0848 0 0
563 0.2954 0.2428 0 0
564 0.5750 0.2835 0 0
565 0.6000 0.2402 0 0
566 0.6750 0.4567 0 0
567 0.7250 0.4567 0 0
568 1.5250 0.0433 0 0
569 0.4250 0.4567 0 0
570 0.3750 0.4567 0 0
571 0.6250 0.4567 0 0
572 0.2250 0.4567 0 0
573 0.2001 0.4143 0 0
574 1.4250 0.2165 0 0
575 1.4000 0.2598 0 0
576 1.4750 0.0433 0 0
577 1.9593 0.2774 0 0
578 1.9593 0.2274 0 0
579 0.9250 0.0433 0 0
580 0.5250 0.2835 0 0
581 0.5000 0.2402 0 0
582 0.9750 0.4567 0 0
583 0.0407 0.2226 0 0
584 0.0407 0.2726 0 0
585 0.5750 0.4567 0 0
586 1.0250 0.3701 0 0
587 1.0493 0.3272 0 0
588 1.0743 0.3705 0 0
589 0.1785 0.0480 0 0
590 0.1285 0.0480 0 0
591 0.9000 0.0866 0 0
592 0.8750 0.0433 0 0
593 0.8250 0.0433 0 0
594 0.2777 0.0419 0 0
595 0.2277 0.0419 0 0
596 1.7804 0.2121 0 0
597 1.0250 0.2835 0 0
598 0.9750 0.2835 0 0
599 1.0000 0.2402 0 0
600 0.2062 0.0899 0 0
601 0.5750 0.0433 0 0
602 0.5250 0.0433 0 0
603 0.3750 0.0433 0 0
604 0.3250 0.0433 0 0
605 0.7750 0.0433 0 0
606 0.7250 0.0433 0 0
607 0.4750 0.0433 0 0
608 0.4250 0.0433 0 0
609 0.6750 0.0433 0 0
610 0.6250 0.0433 0 0
611 0.8000 0.0866 0 0
612 1.0250 0.4567 0 0
613 1.0750 0.4567 0 0
614 1.6250 0.4567 0 0
615 1.4250 0.4567 0 0
616 1.4750 0.4567 0 0
617 1.2243 0.4579 0 0
618 1.2743 0.4579 0 0
619 1.3250 0.4574 0 0
620 1.3750 0.4574 0 0
621 1.5250 0.4567 0 0
622 1.5750 0.4567 0 0
623 1.1241 0.4573 0 0
624 1.1741 0.4573 0 0
625 0.3027 0.0852 0 0
626 1.0743 0.2839 0 0
627 1.0999 0.2432 0 0
628 1.1243 0.2868 0 0
629 0.5000 0.0866 0 0
630 0.7000 0.0866 0 0
631 0.6000 0.0866 0 0
632 0.4000 0.0866 0 0
633 1.0991 0.4140 0 0
634 1.6000 0.4134 0 0
635 1.4000 0.4141 0 0
636 1.2993 0.4153 0 0
637 1.5000 0.4134 0 0
638 0.9500 0.3268 0 0
639 1.1984 0.4152 0 0
640 1.1234 0.3711 0 0
641 1.0000 0.4134 0 0
642 0.9750 0.3701 0 0
643 0.0398 0.1262 0 0
644 0.0398 0.1762 0 0
645 1.9602 0.3738 0 0
646 1.9602 0.3238 0 0
647 0.0470 0.3209 0 0
648 0.0470 0.3709 0 0
649 1.9531 0.1791 0 0
650 1.9531 0.1291 0 0
651 1.2000 0.2503 0 0
652 1.1763 0.2070 0 0
653 1.2265 0.2112 0 0
654 1.2237 0.2934 0 0
655 1.1735 0.2892 0 0
656 1.2747 0.2951 0 0
657 1.1253 0.2053 0 0
658 1.2522 0.1701 0 0
659 1.2272 0.1267 0 0
660 1.1479 0.3299 0 0
661 1.1727 0.3735 0 0
662 1.9196 0.3012 0 0
663 0.0804 0.1988 0 0
664 0.0877 0.2935 0 0
665 1.9124 0.2065 0 0
666 0.0366 0.4134 0 0
667 0.0366 0.4634 0 0
668 0.0866 0.4634 0 0
669 1.9634 0.0866 0 0
670 1.9634 0.0366 0 0
671 1.9134 0.0366 0 0
672 1.9134 0.4634 0 0
673 1.9634 0.4634 0 0
674 1.9634 0.4134 0 0
675 0.0366 0.0366 0 0
676 0.0366 0.0866 0 0
677 0.0866 0.0366 0 0
678 1.7596 0.3799 0 0
679 0.2404 0.1202 0 0
680 1.0753 0.2024 0 0
681 1.0251 0.2018 0 0
682 1.0504 0.1639 0 0
683 1.0754 0.1249 0 0
684 1.0251 0.1243 0 0
685 0.7250 0.1250 0 0
686 0.7750 0.1250 0 0
687 0.7500 0.1634 0 0
688 0.8250 0.1250 0 0
689 0.8750 0.1250 0 0
690 0.8500 0.1634 0 0
691 0.7250 0.2018 0 0
692 0.7750 0.2018 0 0
693 0.9751 0.2018 0 0
694 0.9250 0.1250 0 0
695 0.3743 0.2036 0 0
696 0.4250 0.2018 0 0
697 0.6750 0.2018 0 0
698 1.3247 0.2977 0 0
699 0.5750 0.2018 0 0
700 0.6250 0.2018 0 0
701 1.4250 0.2982 0 0
702 1.3750 0.2982 0 0
703 0.4750 0.2018 0 0
704 0.5250 0.2018 0 0
705 1.5250 0.2982 0 0
706 1.4750 0.2982 0 0
707 0.6500 0.1634 0 0
708 1.6250 0.2982 0 0
709 1.5750 0.2982 0 0
710 0.5500 0.1634 0 0
711 1.3497 0.3361 0 0
712 1.4500 0.3366 0 0
713 1.6730 0.3757 0 0
714 1.7203 0.3771 0 0
715 0.2729 0.2023 0 0
716 0.3262 0.2032 0 0
717 1.7268 0.2987 0 0
718 1.6730 0.2989 0 0
719 1.5500 0.3366 0 0
720 0.4500 0.1634 0 0
721 0.8250 0.2018 0 0
722 0.8750 0.2018 0 0
723 0.3519 0.1631 0 0
724 1.5750 0.3750 0 0
725 1.6250 0.3750 0 0
726 1.5250 0.3750 0 0
727 1.6480 0.3373 0 0
728 1.4750 0.3750 0 0
729 1.4250 0.3750 0 0
730 1.3750 0.3757 0 0
731 0.9250 0.2018 0 0
732 1.3246 0.3752 0 0
733 0.3269 0.1247 0 0
734 0.2796 0.1233 0 0
735 0.4250 0.1250 0 0
736 0.3750 0.1250 0 0
737 0.9751 0.1250 0 0
738 0.4750 0.1250 0 0
739 0.5250 0.1250 0 0
740 0.6250 0.1250 0 0
741 0.5750 0.1250 0 0
742 0.6750 0.1250 0 0
743 0.9501 0.1634 0 0
744 1.8809 0.2806 0 0
745 0.1191 0.2195 0 0
746 0.1983 0.2567 0 0
747 1.8012 0.2442 0 0
748 1.8817 0.2419 0 0
749 0.1179 0.2584 0 0
750 0.1995 0.2179 0 0
751 0.1557 0.2327 0 0
752 1.8004 0.2828 0 0
753 1.8440 0.2677 0 0
754 0.0764 0.1128 0 0
755 1.9236 0.3872 0 0
756 1.9165 0.1157 0 0
757 0.0836 0.3843 0 0
758 1.8883 0.0790 0 0
759 0.1117 0.4210 0 0
760 1.8849 0.4154 0 0
761 0.1151 0.0846 0 0
762 0.2337 0.1992 0 0
763 1.7662 0.3014 0 0
764 1.7354 0.3408 0 0
765 0.2645 0.1596 0 0
766 0.1862 0.3550 0 0
767 0.1601 0.3567 0 0
768 0.1721 0.3367 0 0
769 0.1482 0.3768 0 0
770 0.1341 0.3585 0 0
771 0.1622 0.3951 0 0
772 0.1362 0.3968 0 0
773 0.1081 0.3602 0 0
774 0.1200 0.3401 0 0
775 1.8148 0.1449 0 0
776 1.8406 0.1432 0 0
777 1.8289 0.1632 0 0
778 1.8522 0.1232 0 0
779 1.8663 0.1415 0 0
780 1.8382 0.1049 0 0
781 1.8639 0.1032 0 0
782 1.8921 0.1398 0 0
783 1.8804 0.1598 0 0
784 0.0989 0.1383 0 0
785 0.1182 0.1487 0 0
786 0.0989 0.1628 0 0
787 0.1376 0.1345 0 0
788 0.1375 0.1590 0 0
789 0.1376 0.1101 0 0
790 0.1569 0.1204 0 0
791 0.1569 0.1694 0 0
792 0.1375 0.1835 0 0
793 1.9011 0.3617 0 0
794 1.8818 0.3514 0 0
795 1.9011 0.3373 0 0
796 1.8624 0.3655 0 0
797 1.8624 0.3411 0 0
798 1.8624 0.3899 0 0
799 1.8431 0.3796 0 0
800 1.8431 0.3308 0 0
801 1.8624 0.3166 0 0
802 0.1612 0.3208 0 0
803 0.1872 0.3191 0 0
804 0.1352 0.3226 0 0
805 0.1503 0.3050 0 0
806 0.1091 0.3243 0 0
807 0.1394 0.2891 0 0
808 0.1654 0.2874 0 0
809 1.8393 0.1793 0 0
810 1.8136 0.1810 0 0
811 1.8651 0.1776 0 0
812 1.8498 0.1953 0 0
813 1.8909 0.1759 0 0
814 1.8602 0.2113 0 0
815 1.8344 0.2130 0 0
816 0.1740 0.1601 0 0
817 0.1740 0.1845 0 0
818 0.1740 0.1356 0 0
819 0.1911 0.1507 0 0
820 0.1740 0.1111 0 0
821 0.2082 0.1414 0 0
822 0.2081 0.1659 0 0
823 1.8260 0.3401 0 0
824 1.8260 0.3156 0 0
825 1.8260 0.3645 0 0
826 1.8089 0.3494 0 0
827 1.8260 0.3889 0 0
828 1.7918 0.3587 0 0
829 1.7918 0.3342 0 0
830 1.2358 0.3949 0 0
831 1.2485 0.3749 0 0
832 1.2613 0.3958 0 0
833 1.2356 0.3540 0 0
834 1.2611 0.3548 0 0
835 1.2101 0.3531 0 0
836 1.2227 0.3331 0 0
837 1.2738 0.3348 0 0
838 1.2867 0.3557 0 0
839 1.1642 0.1051 0 0
840 1.1515 0.1252 0 0
841 1.1387 0.1043 0 0
842 1.1644 0.1461 0 0
843 1.1389 0.1453 0 0
844 1.1899 0.1470 0 0
845 1.1773 0.1671 0 0
846 1.1262 0.1654 0 0
847 1.1133 0.1444 0 0
848 0.8750 0.2402 0 0
849 0.8875 0.2618 0 0
850 0.8625 0.2618 0 0
851 0.9125 0.2618 0 0
852 0.9000 0.2835 0 0
853 0.9250 0.2402 0 0
854 0.9375 0.2618 0 0
855 0.9125 0.3051 0 0
856 0.8875 0.3051 0 0
857 0.8125 0.3051 0 0
858 0.8375 0.3051 0 0
859 0.8250 0.3268 0 0
860 0.8500 0.2835 0 0
861 0.8625 0.3051 0 0
862 0.8375 0.2618 0 0
863 0.8750 0.3268 0 0
864 1.3875 0.1949 0 0
865 1.3629 0.1946 0 0
866 1.3754 0.1730 0 0
867 1.3504 0.2163 0 0
868 1.3383 0.1944 0 0
869 1.3625 0.2382 0 0
870 1.3379 0.2379 0 0
871 1.3137 0.1941 0 0
872 1.3262 0.1725 0 0
873 0.3740 0.2429 0 0
874 0.3868 0.2638 0 0
875 0.3615 0.2647 0 0
876 0.4121 0.2629 0 0
877 0.3996 0.2847 0 0
878 0.4247 0.2411 0 0
879 0.4374 0.2620 0 0
880 0.4123 0.3056 0 0
881 0.3870 0.3065 0 0
882 1.3625 0.1083 0 0
883 1.3504 0.1297 0 0
884 1.3379 0.1080 0 0
885 1.3629 0.1513 0 0
886 1.3383 0.1511 0 0
887 1.3875 0.1516 0 0
888 1.3137 0.1508 0 0
889 1.3008 0.2147 0 0
890 1.2887 0.1928 0 0
891 1.3129 0.2366 0 0
892 1.2880 0.2353 0 0
893 1.3250 0.2585 0 0
894 1.2751 0.2559 0 0
895 1.2630 0.2340 0 0
896 0.4625 0.2618 0 0
897 0.4499 0.2836 0 0
898 0.4624 0.3053 0 0
899 0.4374 0.3054 0 0
900 0.4875 0.3051 0 0
901 0.4749 0.3269 0 0
902 0.4248 0.3272 0 0
903 0.4875 0.3484 0 0
904 0.4624 0.3486 0 0
905 0.4499 0.3702 0 0
906 0.4374 0.3487 0 0
907 0.4625 0.3917 0 0
908 0.4374 0.3919 0 0
909 0.4123 0.3489 0 0
910 1.4000 0.1299 0 0
911 1.4125 0.1516 0 0
912 1.3875 0.1083 0 0
913 1.4125 0.1083 0 0
914 1.3750 0.0866 0 0
915 1.4250 0.0866 0 0
916 1.4375 0.1083 0 0
917 1.7611 0.4790 0 0
918 1.7861 0.4790 0 0
919 1.7361 0.4790 0 0
920 1.7473 0.4581 0 0
921 1.7111 0.4790 0 0
922 1.7334 0.4371 0 0
923 1.7584 0.4371 0 0
924 1.8375 0.0212 0 0
925 1.8125 0.0212 0 0
926 1.8625 0.0212 0 0
927 1.8499 0.0424 0 0
928 1.8875 0.0212 0 0
929 1.8624 0.0637 0 0
930 1.8374 0.0637 0 0
931 0.9625 0.0650 0 0
932 0.9875 0.0646 0 0
933 0.9750 0.0863 0 0
934 1.0000 0.0430 0 0
935 1.0125 0.0643 0 0
936 0.9875 0.0217 0 0
937 1.0125 0.0213 0 0
938 1.0376 0.0639 0 0
939 1.0251 0.0856 0 0
940 0.8375 0.3917 0 0
941 0.8500 0.3701 0 0
942 0.8625 0.3917 0 0
943 0.8375 0.3484 0 0
944 0.8625 0.3484 0 0
945 0.8125 0.3484 0 0
946 0.8875 0.3484 0 0
947 1.6875 0.4783 0 0
948 1.6986 0.4574 0 0
949 1.6861 0.4357 0 0
950 1.7098 0.4364 0 0
951 1.6625 0.4350 0 0
952 1.6736 0.4141 0 0
953 1.7209 0.4155 0 0
954 1.0375 0.0213 0 0
955 1.0625 0.0213 0 0
956 1.0500 0.0426 0 0
957 1.0875 0.0213 0 0
958 1.0626 0.0639 0 0
959 0.4875 0.3917 0 0
960 0.4750 0.4134 0 0
961 0.5000 0.3701 0 0
962 0.5125 0.3917 0 0
963 0.5125 0.3484 0 0
964 0.5375 0.3917 0 0
965 0.5250 0.4134 0 0
966 0.8875 0.4783 0 0
967 0.9000 0.4567 0 0
968 0.9125 0.4783 0 0
969 0.8875 0.4350 0 0
970 0.9125 0.4350 0 0
971 0.8625 0.4350 0 0
972 0.8750 0.4134 0 0
973 0.9250 0.4134 0 0
974 0.9375 0.4350 0 0
975 0.7875 0.3051 0 0
976 0.8000 0.2835 0 0
977 0.7875 0.2618 0 0
978 0.8125 0.2618 0 0
979 0.7625 0.2618 0 0
980 0.7750 0.2402 0 0
981 0.8250 0.2402 0 0
982 1.8608 0.4760 0 0
983 1.8858 0.4760 0 0
984 1.8358 0.4760 0 0
985 1.8465 0.4520 0 0
986 1.8108 0.4760 0 0
987 1.8323 0.4280 0 0
988 1.8573 0.4280 0 0
989 0.7125 0.3051 0 0
990 0.7375 0.3051 0 0
991 0.7250 0.3268 0 0
992 0.7500 0.2835 0 0
993 0.7625 0.3051 0 0
994 0.7375 0.2618 0 0
995 0.7750 0.3268 0 0
996 1.6375 0.2382 0 0
997 1.6500 0.2165 0 0
998 1.6625 0.2382 0 0
999 1.6375 0.1949 0 0
1000 1.6625 0.1949 0 0
1001 1.6125 0.1949 0 0
1002 1.6250 0.1732 0 0
1003 1.6750 0.1732 0 0
1004 1.6875 0.1949 0 0
1005 1.2762 0.0857 0 0
1006 1.2887 0.1074 0 0
1007 1.2641 0.1071 0 0
1008 1.3133 0.1077 0 0
1009 1.3012 0.1291 0 0
1010 1.3254 0.0863 0 0
1011 1.2891 0.1505 0 0
1012 1.5750 0.0866 0 0
1013 1.5875 0.1083 0 0
1014 1.5625 0.1083 0 0
1015 1.6125 0.1083 0 0
1016 1.6000 0.1299 0 0
1017 1.6250 0.0866 0 0
1018 1.6375 0.1083 0 0
1019 1.6125 0.1516 0 0
1020 1.5875 0.1516 0 0
1021 1.6375 0.1516 0 0
1022 1.6500 0.1299 0 0
1023 1.6625 0.1516 0 0
1024 1.6625 0.1083 0 0
1025 1.6875 0.1516 0 0
1026 1.7625 0.0650 0 0
1027 1.7875 0.0645 0 0
1028 1.7750 0.0862 0 0
1029 1.8000 0.0429 0 0
1030 1.8124 0.0641 0 0
1031 1.7875 0.0217 0 0
1032 1.8249 0.0853 0 0
1033 1.3625 0.0650 0 0
1034 1.3875 0.0650 0 0
1035 1.4000 0.0433 0 0
1036 1.4125 0.0650 0 0
1037 1.3875 0.0217 0 0
1038 1.4125 0.0217 0 0
1039 1.4375 0.0650 0 0
1040 0.7375 0.3917 0 0
1041 0.7500 0.3701 0 0
1042 0.7625 0.3917 0 0
1043 0.7375 0.3484 0 0
1044 0.7625 0.3484 0 0
1045 0.7125 0.3484 0 0
1046 0.7875 0.3484 0 0
1047 0.8250 0.4134 0 0
1048 0.8125 0.3917 0 0
1049 0.7875 0.3917 0 0
1050 0.8000 0.3701 0 0
1051 0.7750 0.4134 0 0
1052 0.1626 0.4788 0 0
1053 0.1876 0.4788 0 0
1054 0.1376 0.4788 0 0
1055 0.1501 0.4576 0 0
1056 0.1126 0.4788 0 0
1057 0.1377 0.4363 0 0
1058 0.1627 0.4363 0 0
1059 0.3122 0.3060 0 0
1060 0.3371 0.3062 0 0
1061 0.3249 0.3269 0 0
1062 0.3493 0.2854 0 0
1063 0.3621 0.3063 0 0
1064 0.3365 0.2645 0 0
1065 0.3748 0.3272 0 0
1066 1.5625 0.0650 0 0
1067 1.5875 0.0650 0 0
1068 1.6000 0.0433 0 0
1069 1.6125 0.0650 0 0
1070 1.5875 0.0217 0 0
1071 1.6125 0.0217 0 0
1072 1.6375 0.0650 0 0
1073 1.3125 0.0217 0 0
1074 1.3004 0.0430 0 0
1075 1.2879 0.0214 0 0
1076 1.3129 0.0647 0 0
1077 1.2883 0.0644 0 0
1078 1.3375 0.0650 0 0
1079 1.2637 0.0641 0 0
1080 1.8077 0.4311 0 0
1081 1.8184 0.4071 0 0
1082 1.7969 0.4551 0 0
1083 1.7830 0.4341 0 0
1084 1.7691 0.4132 0 0
1085 1.5375 0.1083 0 0
1086 1.5125 0.1083 0 0
1087 1.5250 0.0866 0 0
1088 1.5000 0.1299 0 0
1089 1.4875 0.1083 0 0
1090 1.5125 0.1516 0 0
1091 1.4875 0.1516 0 0
1092 1.4625 0.1083 0 0
1093 1.4750 0.0866 0 0
1094 0.3250 0.4134 0 0
1095 0.3125 0.3917 0 0
1096 0.3375 0.3917 0 0
1097 0.2875 0.3917 0 0
1098 0.3000 0.3701 0 0
1099 0.2750 0.4134 0 0
1100 0.2625 0.3917 0 0
1101 0.2875 0.3484 0 0
1102 0.3125 0.3484 0 0
1103 0.3499 0.3702 0 0
1104 0.3624 0.3919 0 0
1105 0.3374 0.3486 0 0
1106 0.3624 0.3487 0 0
1107 0.3873 0.3489 0 0
1108 0.4875 0.4783 0 0
1109 0.5000 0.4567 0 0
1110 0.5125 0.4783 0 0
1111 0.4875 0.4350 0 0
1112 0.5125 0.4350 0 0
1113 0.4625 0.4350 0 0
1114 0.5375 0.4350 0 0
1115 1.4750 0.1732 0 0
1116 1.4625 0.1516 0 0
1117 1.4375 0.1516 0 0
1118 1.4500 0.1299 0 0
1119 1.4250 0.1732 0 0
1120 1.6894 0.2380 0 0
1121 1.6769 0.2597 0 0
1122 1.7019 0.2164 0 0
1123 1.7163 0.2379 0 0
1124 1.7144 0.1947 0 0
1125 1.7432 0.2378 0 0
1126 1.7307 0.2594 0 0
1127 1.5250 0.1732 0 0
1128 1.5375 0.1949 0 0
1129 1.5125 0.1949 0 0
1130 1.5625 0.1949 0 0
1131 1.5500 0.2165 0 0
1132 1.5750 0.1732 0 0
1133 1.5875 0.1949 0 0
1134 1.5625 0.2382 0 0
1135 1.5375 0.2382 0 0
1136 0.8375 0.4350 0 0
1137 0.8125 0.4350 0 0
1138 0.8000 0.4567 0 0
1139 0.7875 0.4350 0 0
1140 0.8125 0.4783 0 0
1141 0.7875 0.4783 0 0
1142 0.7625 0.4350 0 0
1143 1.5500 0.1299 0 0
1144 1.5625 0.1516 0 0
1145 1.5375 0.1516 0 0
1146 0.2875 0.4783 0 0
1147 0.3000 0.4567 0 0
1148 0.3125 0.4783 0 0
1149 0.2875 0.4350 0 0
1150 0.3125 0.4350 0 0
1151 0.2625 0.4350 0 0
1152 0.3375 0.4350 0 0
1153 0.2745 0.3288 0 0
1154 0.2601 0.3076 0 0
1155 0.2855 0.3056 0 0
1156 0.2346 0.3097 0 0
1157 0.2456 0.2864 0 0
1158 0.2236 0.3329 0 0
1159 0.2091 0.3117 0 0
1160 0.2311 0.2652 0 0
1161 0.2566 0.2631 0 0
1162 1.1128 0.0210 0 0
1163 1.1004 0.0424 0 0
1164 1.1132 0.0634 0 0
1165 1.0879 0.0637 0 0
1166 1.1385 0.0631 0 0
1167 1.1260 0.0845 0 0
1168 1.0754 0.0850 0 0
1169 1.5000 0.2165 0 0
1170 1.4875 0.1949 0 0
1171 1.5125 0.2382 0 0
1172 1.4875 0.2382 0 0
1173 1.5250 0.2598 0 0
1174 1.4750 0.2598 0 0
1175 1.4625 0.2382 0 0
1176 0.2620 0.3505 0 0
1177 0.2495 0.3721 0 0
1178 0.2366 0.3525 0 0
1179 0.2370 0.3938 0 0
1180 0.2111 0.3546 0 0
1181 1.6750 0.0866 0 0
1182 1.6875 0.1083 0 0
1183 1.7125 0.1083 0 0
1184 1.7000 0.1299 0 0
1185 1.7250 0.0866 0 0
1186 1.7375 0.1083 0 0
1187 1.7125 0.1516 0 0
1188 0.7250 0.4134 0 0
1189 0.7125 0.3917 0 0
1190 0.6875 0.3917 0 0
1191 0.7000 0.3701 0 0
1192 0.6750 0.4134 0 0
1193 0.6625 0.3917 0 0
1194 0.6875 0.3484 0 0
1195 0.6750 0.3268 0 0
1196 0.6625 0.3051 0 0
1197 0.6875 0.3051 0 0
1198 0.6375 0.3051 0 0
1199 0.6500 0.2835 0 0
1200 0.6250 0.3268 0 0
1201 0.6125 0.3051 0 0
1202 0.6375 0.2618 0 0
1203 0.6625 0.2618 0 0
1204 0.7000 0.2835 0 0
1205 0.6875 0.2618 0 0
1206 0.7125 0.2618 0 0
1207 0.6750 0.2402 0 0
1208 0.7250 0.2402 0 0
1209 1.5875 0.2382 0 0
1210 1.5750 0.2598 0 0
1211 1.6000 0.2165 0 0
1212 1.6125 0.2382 0 0
1213 1.6250 0.2598 0 0
1214 1.7898 0.1454 0 0
1215 1.8015 0.1253 0 0
1216 1.7882 0.1058 0 0
1217 1.8132 0.1053 0 0
1218 1.7633 0.1062 0 0
1219 0.6125 0.3484 0 0
1220 0.6000 0.3701 0 0
1221 0.5875 0.3484 0 0
1222 0.6125 0.3917 0 0
1223 0.5875 0.3917 0 0
1224 0.6375 0.3917 0 0
1225 0.6250 0.4134 0 0
1226 0.5750 0.4134 0 0
1227 0.5625 0.3917 0 0
1228 0.9125 0.3917 0 0
1229 0.9375 0.3917 0 0
1230 0.8875 0.3917 0 0
1231 0.9000 0.3701 0 0
1232 0.9125 0.3484 0 0
1233 1.7125 0.0217 0 0
1234 1.7000 0.0433 0 0
1235 1.6875 0.0217 0 0
1236 1.7125 0.0650 0 0
1237 1.6875 0.0650 0 0
1238 1.7375 0.0650 0 0
1239 1.6625 0.0650 0 0
1240 1.7383 0.1495 0 0
1241 1.7258 0.1711 0 0
1242 1.7508 0.1278 0 0
1243 1.7641 0.1474 0 0
1244 1.7773 0.1670 0 0
1245 0.5250 0.3268 0 0
1246 0.5375 0.3484 0 0
1247 0.5625 0.3484 0 0
1248 0.5500 0.3701 0 0
1249 0.5750 0.3268 0 0
1250 0.4250 0.4134 0 0
1251 0.4124 0.3919 0 0
1252 0.3874 0.3919 0 0
1253 0.3999 0.3704 0 0
1254 0.3750 0.4134 0 0
1255 1.1635 0.0631 0 0
1256 1.1886 0.0635 0 0
1257 1.1764 0.0845 0 0
1258 1.2007 0.0424 0 0
1259 1.2136 0.0638 0 0
1260 1.1878 0.0210 0 0
1261 1.2129 0.0214 0 0
1262 1.2387 0.0641 0 0
1263 1.2265 0.0851 0 0
1264 0.2977 0.2848 0 0
1265 0.2832 0.2636 0 0
1266 0.3099 0.2640 0 0
1267 0.2688 0.2424 0 0
1268 0.3220 0.2433 0 0
1269 0.6125 0.2618 0 0
1270 0.6250 0.2402 0 0
1271 0.6000 0.2835 0 0
1272 0.5875 0.2618 0 0
1273 0.5875 0.3051 0 0
1274 0.5625 0.2618 0 0
1275 0.5750 0.2402 0 0
1276 0.8625 0.4783 0 0
1277 0.8375 0.4783 0 0
1278 0.8500 0.4567 0 0
1279 0.6875 0.4783 0 0
1280 0.7000 0.4567 0 0
1281 0.7125 0.4783 0 0
1282 0.6875 0.4350 0 0
1283 0.7125 0.4350 0 0
1284 0.6625 0.4350 0 0
1285 0.7375 0.4350 0 0
1286 0.6625 0.3484 0 0
1287 0.6500 0.3701 0 0
1288 0.6375 0.3484 0 0
1289 1.1378 0.0210 0 0
1290 1.1628 0.0210 0 0
1291 1.1507 0.0421 0 0
1292 1.3375 0.0217 0 0
1293 1.3625 0.0217 0 0
1294 1.3500 0.0433 0 0
1295 1.7375 0.0217 0 0
1296 1.7625 0.0217 0 0
1297 1.7500 0.0433 0 0
1298 1.5375 0.0217 0 0
1299 1.5125 0.0217 0 0
1300 1.5625 0.0217 0 0
1301 1.5500 0.0433 0 0
1302 1.5375 0.0650 0 0
1303 0.4375 0.4350 0 0
1304 0.4125 0.4350 0 0
1305 0.4000 0.4567 0 0
1306 0.3875 0.4350 0 0
1307 0.4125 0.4783 0 0
1308 0.3875 0.4783 0 0
1309 0.3625 0.4350 0 0
1310 0.6625 0.4783 0 0
1311 0.6375 0.4783 0 0
1312 0.6500 0.4567 0 0
1313 0.6125 0.4783 0 0
1314 0.6375 0.4350 0 0
1315 0.2625 0.4783 0 0
1316 0.2375 0.4783 0 0
1317 0.2500 0.4567 0 0
1318 0.2125 0.4783 0 0
1319 0.2375 0.4350 0 0
1320 0.4625 0.4783 0 0
1321 0.4375 0.4783 0 0
1322 0.4500 0.4567 0 0
1323 0.2126 0.4355 0 0
1324 0.2251 0.4138 0 0
1325 0.2001 0.4571 0 0
1326 0.1876 0.4359 0 0
1327 0.1752 0.4147 0 0
1328 1.6375 0.0217 0 0
1329 1.6625 0.0217 0 0
1330 1.6500 0.0433 0 0
1331 1.2379 0.0214 0 0
1332 1.2629 0.0214 0 0
1333 1.2508 0.0427 0 0
1334 0.7625 0.4783 0 0
1335 0.7375 0.4783 0 0
1336 0.7500 0.4567 0 0
1337 1.4125 0.1949 0 0
1338 1.4000 0.2165 0 0
1339 1.4125 0.2382 0 0
1340 1.3875 0.2382 0 0
1341 1.4375 0.2382 0 0
1342 1.4250 0.2598 0 0
1343 1.3750 0.2598 0 0
1344 0.3625 0.4783 0 0
1345 0.3375 0.4783 0 0
1346 0.3500 0.4567 0 0
1347 1.5000 0.0433 0 0
1348 1.4875 0.0217 0 0
1349 1.5125 0.0650 0 0
1350 1.4875 0.0650 0 0
1351 1.4625 0.0650 0 0
1352 1.9797 0.2387 0 0
1353 1.9797 0.2137 0 0
1354 1.9797 0.2637 0 0
1355 1.9593 0.2524 0 0
1356 1.9797 0.2887 0 0
1357 1.9390 0.2661 0 0
1358 1.9390 0.2411 0 0
1359 0.9375 0.0217 0 0
1360 0.9125 0.0217 0 0
1361 0.9625 0.0217 0 0
1362 0.9500 0.0433 0 0
1363 0.9375 0.0650 0 0
1364 0.5375 0.2618 0 0
1365 0.5125 0.2618 0 0
1366 0.5250 0.2402 0 0
1367 0.5000 0.2835 0 0
1368 0.4875 0.2618 0 0
1369 0.5125 0.3051 0 0
1370 0.4750 0.2402 0 0
1371 0.9625 0.4783 0 0
1372 0.9875 0.4783 0 0
1373 0.9375 0.4783 0 0
1374 0.9500 0.4567 0 0
1375 0.9625 0.4350 0 0
1376 1.4375 0.0217 0 0
1377 1.4625 0.0217 0 0
1378 1.4500 0.0433 0 0
1379 0.0203 0.2613 0 0
1380 0.0203 0.2863 0 0
1381 0.0203 0.2363 0 0
1382 0.0407 0.2476 0 0
1383 0.0203 0.2113 0 0
1384 0.0610 0.2339 0 0
1385 0.0610 0.2589 0 0
1386 0.6125 0.4350 0 0
1387 0.6000 0.4567 0 0
1388 0.5875 0.4350 0 0
1389 0.5875 0.4783 0 0
1390 0.5625 0.4350 0 0
1391 0.5625 0.4783 0 0
1392 0.5375 0.4783 0 0
1393 0.5500 0.4567 0 0
1394 1.0375 0.3917 0 0
1395 1.0497 0.3703 0 0
1396 1.0622 0.3919 0 0
1397 1.0372 0.3486 0 0
1398 1.0618 0.3488 0 0
1399 1.0125 0.3484 0 0
1400 1.0247 0.3270 0 0
1401 1.0740 0.3274 0 0
1402 1.0865 0.3490 0 0
1403 0.1991 0.3746 0 0
1404 0.2121 0.3942 0 0
1405 0.1871 0.3947 0 0
1406 0.1392 0.0240 0 0
1407 0.1142 0.0240 0 0
1408 0.1642 0.0240 0 0
1409 0.1535 0.0480 0 0
1410 0.1892 0.0240 0 0
1411 0.1677 0.0720 0 0
1412 0.1427 0.0720 0 0
1413 0.9000 0.0433 0 0
1414 0.8875 0.0217 0 0
1415 0.9125 0.0650 0 0
1416 0.8875 0.0650 0 0
1417 0.9250 0.0866 0 0
1418 0.8750 0.0866 0 0
1419 0.8625 0.0650 0 0
1420 0.5500 0.2835 0 0
1421 0.5625 0.3051 0 0
1422 0.5375 0.3051 0 0
1423 1.4625 0.1949 0 0
1424 1.4500 0.2165 0 0
1425 1.4375 0.1949 0 0
1426 0.8375 0.0217 0 0
1427 0.8125 0.0217 0 0
1428 0.8625 0.0217 0 0
1429 0.8500 0.0433 0 0
1430 0.8375 0.0650 0 0
1431 0.2389 0.0210 0 0
1432 0.2139 0.0210 0 0
1433 0.2639 0.0210 0 0
1434 0.2527 0.0419 0 0
1435 0.2889 0.0210 0 0
1436 0.2666 0.0629 0 0
1437 0.2416 0.0629 0 0
1438 1.7546 0.2142 0 0
1439 1.7690 0.2357 0 0
1440 1.7402 0.1927 0 0
1441 1.7660 0.1906 0 0
1442 1.7917 0.1885 0 0
1443 1.0375 0.2618 0 0
1444 1.0125 0.2618 0 0
1445 1.0250 0.2402 0 0
1446 1.0000 0.2835 0 0
1447 0.9875 0.2618 0 0
1448 1.0125 0.3051 0 0
1449 0.9875 0.3051 0 0
1450 0.9625 0.2618 0 0
1451 0.9750 0.2402 0 0
1452 0.1923 0.0689 0 0
1453 0.1816 0.0929 0 0
1454 0.2031 0.0449 0 0
1455 0.2170 0.0659 0 0
1456 0.2309 0.0868 0 0
1457 0.5375 0.0217 0 0
1458 0.5125 0.0217 0 0
1459 0.5625 0.0217 0 0
1460 0.5500 0.0433 0 0
1461 0.5875 0.0217 0 0
1462 0.5625 0.0650 0 0
1463 0.5375 0.0650 0 0
1464 0.3375 0.0217 0 0
1465 0.3125 0.0217 0 0
1466 0.3625 0.0217 0 0
1467 0.3500 0.0433 0 0
1468 0.3875 0.0217 0 0
1469 0.3625 0.0650 0 0
1470 0.3375 0.0650 0 0
1471 0.7375 0.0217 0 0
1472 0.7125 0.0217 0 0
1473 0.7625 0.0217 0 0
1474 0.7500 0.0433 0 0
1475 0.7875 0.0217 0 0
1476 0.7625 0.0650 0 0
1477 0.7375 0.0650 0 0
1478 0.4375 0.0217 0 0
1479 0.4125 0.0217 0 0
1480 0.4625 0.0217 0 0
1481 0.4500 0.0433 0 0
1482 0.4875 0.0217 0 0
1483 0.4625 0.0650 0 0
1484 0.4375 0.0650 0 0
1485 0.6375 0.0217 0 0
1486 0.6125 0.0217 0 0
1487 0.6625 0.0217 0 0
1488 0.6500 0.0433 0 0
1489 0.6875 0.0217 0 0
1490 0.6625 0.0650 0 0
1491 0.6375 0.0650 0 0
1492 0.7875 0.0650 0 0
1493 0.7750 0.0866 0 0
1494 0.8000 0.0433 0 0
1495 0.8125 0.0650 0 0
1496 0.8250 0.0866 0 0
1497 1.0625 0.4783 0 0
1498 1.0875 0.4783 0 0
1499 1.0375 0.4783 0 0
1500 1.0500 0.4567 0 0
1501 1.0125 0.4783 0 0
1502 1.0375 0.4350 0 0
1503 1.0625 0.4350 0 0
1504 1.6625 0.4783 0 0
1505 1.6375 0.4783 0 0
1506 1.6500 0.4567 0 0
1507 1.6125 0.4783 0 0
1508 1.6375 0.4350 0 0
1509 1.4625 0.4783 0 0
1510 1.4875 0.4783 0 0
1511 1.4375 0.4783 0 0
1512 1.4500 0.4567 0 0
1513 1.4125 0.4783 0 0
1514 1.4375 0.4350 0 0
1515 1.4625 0.4350 0 0
1516 1.2622 0.4790 0 0
1517 1.2872 0.4790 0 0
1518 1.2372 0.4790 0 0
1519 1.2493 0.4579 0 0
1520 1.2122 0.4790 0 0
1521 1.2365 0.4369 0 0
1522 1.2615 0.4369 0 0
1523 1.3625 0.4787 0 0
1524 1.3875 0.4787 0 0
1525 1.3375 0.4787 0 0
1526 1.3500 0.4574 0 0
1527 1.3125 0.4787 0 0
1528 1.3374 0.4361 0 0
1529 1.3624 0.4361 0 0
1530 1.5625 0.4783 0 0
1531 1.5875 0.4783 0 0
1532 1.5375 0.4783 0 0
1533 1.5500 0.4567 0 0
1534 1.5125 0.4783 0 0
1535 1.5375 0.4350 0 0
1536 1.5625 0.4350 0 0
1537 1.1621 0.4787 0 0
1538 1.1871 0.4787 0 0
1539 1.1371 0.4787 0 0
1540 1.1491 0.4573 0 0
1541 1.1121 0.4787 0 0
1542 1.1362 0.4360 0 0
1543 1.1612 0.4360 0 0
1544 0.3014 0.0426 0 0
1545 0.3139 0.0643 0 0
1546 0.2902 0.0636 0 0
1547 0.3264 0.0859 0 0
1548 0.2791 0.0845 0 0
1549 1.0865 0.3057 0 0
1550 1.0993 0.2854 0 0
1551 1.1115 0.3072 0 0
1552 1.0871 0.2635 0 0
1553 1.1121 0.2650 0 0
1554 1.0622 0.2620 0 0
1555 1.0750 0.2417 0 0
1556 1.1249 0.2446 0 0
1557 1.1370 0.2665 0 0
1558 1.0618 0.3055 0 0
1559 1.0372 0.3053 0 0
1560 1.0497 0.2837 0 0
1561 0.5000 0.0433 0 0
1562 0.5125 0.0650 0 0
1563 0.4875 0.0650 0 0
1564 0.5250 0.0866 0 0
1565 0.4750 0.0866 0 0
1566 0.7000 0.0433 0 0
1567 0.7125 0.0650 0 0
1568 0.6875 0.0650 0 0
1569 0.7250 0.0866 0 0
1570 0.6750 0.0866 0 0
1571 0.5875 0.0650 0 0
1572 0.5750 0.0866 0 0
1573 0.6000 0.0433 0 0
1574 0.6125 0.0650 0 0
1575 0.6250 0.0866 0 0
1576 0.3875 0.0650 0 0
1577 0.3750 0.0866 0 0
1578 0.4000 0.0433 0 0
1579 0.4125 0.0650 0 0
1580 0.4250 0.0866 0 0
1581 1.0996 0.4570 0 0
1582 1.0871 0.4354 0 0
1583 1.1116 0.4357 0 0
1584 1.0746 0.4137 0 0
1585 1.1237 0.4144 0 0
1586 1.6125 0.4350 0 0
1587 1.6250 0.4134 0 0
1588 1.6000 0.4567 0 0
1589 1.5875 0.4350 0 0
1590 1.5750 0.4134 0 0
1591 1.4125 0.4354 0 0
1592 1.4250 0.4137 0 0
1593 1.4000 0.4570 0 0
1594 1.3875 0.4357 0 0
1595 1.3749 0.4144 0 0
1596 1.2996 0.4576 0 0
1597 1.2868 0.4366 0 0
1598 1.3121 0.4363 0 0
1599 1.2740 0.4155 0 0
1600 1.3246 0.4150 0 0
1601 1.5000 0.4567 0 0
1602 1.4875 0.4350 0 0
1603 1.5125 0.4350 0 0
1604 1.4750 0.4134 0 0
1605 1.5250 0.4134 0 0
1606 0.9500 0.2835 0 0
1607 0.9625 0.3051 0 0
1608 0.9375 0.3051 0 0
1609 0.9750 0.3268 0 0
1610 0.9250 0.3268 0 0
1611 1.2114 0.4366 0 0
1612 1.2236 0.4155 0 0
1613 1.1992 0.4576 0 0
1614 1.1863 0.4363 0 0
1615 1.1733 0.4150 0 0
1616 1.0867 0.3923 0 0
1617 1.0989 0.3708 0 0
1618 1.1113 0.3926 0 0
1619 1.1111 0.3493 0 0
1620 1.1358 0.3929 0 0
1621 1.0250 0.4134 0 0
1622 1.0125 0.3917 0 0
1623 0.9875 0.3917 0 0
1624 1.0000 0.3701 0 0
1625 0.9750 0.4134 0 0
1626 0.9625 0.3917 0 0
1627 0.9875 0.3484 0 0
1628 0.9625 0.3484 0 0
1629 0.9500 0.3701 0 0
1630 0.9375 0.3484 0 0
1631 1.0125 0.4350 0 0
1632 1.0000 0.4567 0 0
1633 0.9875 0.4350 0 0
1634 0.0199 0.1631 0 0
1635 0.0199 0.1881 0 0
1636 0.0199 0.1381 0 0
1637 0.0398 0.1512 0 0
1638 0.0199 0.1131 0 0
1639 0.0596 0.1393 0 0
1640 0.0596 0.1643 0 0
1641 1.9801 0.3369 0 0
1642 1.9801 0.3119 0 0
1643 1.9801 0.3619 0 0
1644 1.9602 0.3488 0 0
1645 1.9801 0.3869 0 0
1646 1.9404 0.3607 0 0
1647 1.9404 0.3357 0 0
1648 0.0235 0.3605 0 0
1649 0.0235 0.3855 0 0
1650 0.0235 0.3355 0 0
1651 0.0470 0.3459 0 0
1652 0.0235 0.3105 0 0
1653 0.0705 0.3314 0 0
1654 0.0705 0.3564 0 0
1655 1.9765 0.1395 0 0
1656 1.9765 0.1145 0 0
1657 1.9765 0.1645 0 0
1658 1.9531 0.1541 0 0
1659 1.9765 0.1895 0 0
1660 1.9296 0.1686 0 0
1661 1.9296 0.1436 0 0
1662 1.2251 0.2525 0 0
1663 1.2132 0.2308 0 0
1664 1.2383 0.2329 0 0
1665 1.1882 0.2287 0 0
1666 1.2014 0.2091 0 0
1667 1.1749 0.2482 0 0
1668 1.1631 0.2266 0 0
1669 1.1896 0.1875 0 0
1670 1.2147 0.1896 0 0
1671 1.1868 0.2698 0 0
1672 1.1617 0.2676 0 0
1673 1.2118 0.2719 0 0
1674 1.1986 0.2913 0 0
1675 1.2369 0.2740 0 0
1676 1.2104 0.3128 0 0
1677 1.1854 0.3107 0 0
1678 1.2360 0.3137 0 0
1679 1.2492 0.2942 0 0
1680 1.2615 0.3145 0 0
1681 1.2625 0.2748 0 0
1682 1.2870 0.3154 0 0
1683 1.1640 0.1866 0 0
1684 1.1508 0.2062 0 0
1685 1.1385 0.1858 0 0
1686 1.1376 0.2257 0 0
1687 1.1130 0.1849 0 0
1688 1.2640 0.1917 0 0
1689 1.2769 0.1712 0 0
1690 1.2512 0.2123 0 0
1691 1.2393 0.1907 0 0
1692 1.2275 0.1690 0 0
1693 1.1893 0.1054 0 0
1694 1.2143 0.1057 0 0
1695 1.2021 0.1264 0 0
1696 1.2394 0.1061 0 0
1697 1.2150 0.1473 0 0
1698 1.1361 0.3084 0 0
1699 1.1233 0.3287 0 0
1700 1.1489 0.2880 0 0
1701 1.1607 0.3095 0 0
1702 1.1726 0.3311 0 0
1703 1.2107 0.3946 0 0
1704 1.1856 0.3944 0 0
1705 1.1978 0.3737 0 0
1706 1.1605 0.3941 0 0
1707 1.1850 0.3528 0 0
1708 1.9394 0.2893 0 0
1709 1.9191 0.2780 0 0
1710 1.9598 0.3006 0 0
1711 1.9399 0.3125 0 0
1712 1.9200 0.3244 0 0
1713 0.0606 0.2107 0 0
1714 0.0809 0.2220 0 0
1715 0.0402 0.1994 0 0
1716 0.0601 0.1875 0 0
1717 0.0800 0.1756 0 0
1718 0.0438 0.2968 0 0
1719 0.0642 0.2830 0 0
1720 0.0674 0.3072 0 0
1721 0.0845 0.2693 0 0
1722 0.0909 0.3177 0 0
1723 1.9562 0.2032 0 0
1724 1.9359 0.2169 0 0
1725 1.9327 0.1928 0 0
1726 1.9155 0.2307 0 0
1727 1.9093 0.1823 0 0
1728 0.0183 0.4567 0 0
1729 0.0183 0.4817 0 0
1730 0.0183 0.4317 0 0
1731 0.0366 0.4384 0 0
1732 0.0183 0.4067 0 0
1733 0.0549 0.4201 0 0
1734 0.0549 0.4451 0 0
1735 0.0683 0.4817 0 0
1736 0.0933 0.4817 0 0
1737 0.0433 0.4817 0 0
1738 0.0616 0.4634 0 0
1739 0.0799 0.4451 0 0
1740 1.9817 0.0433 0 0
1741 1.9817 0.0183 0 0
1742 1.9817 0.0683 0 0
1743 1.9634 0.0616 0 0
1744 1.9817 0.0933 0 0
1745 1.9451 0.0799 0 0
1746 1.9451 0.0549 0 0
1747 1.9317 0.0183 0 0
1748 1.9067 0.0183 0 0
1749 1.9567 0.0183 0 0
1750 1.9384 0.0366 0 0
1751 1.9201 0.0549 0 0
1752 1.9567 0.4817 0 0
1753 1.9817 0.4817 0 0
1754 1.9317 0.4817 0 0
1755 1.9384 0.4634 0 0
1756 1.9067 0.4817 0 0
1757 1.9201 0.4451 0 0
1758 1.9451 0.4451 0 0
1759 1.9817 0.4317 0 0
1760 1.9817 0.4067 0 0
1761 1.9817 0.4567 0 0
1762 1.9634 0.4384 0 0
1763 1.9451 0.4201 0 0
1764 0.0183 0.0683 0 0
1765 0.0183 0.0933 0 0
1766 0.0183 0.0433 0 0
1767 0.0366 0.0616 0 0
1768 0.0183 0.0183 0 0
1769 0.0549 0.0549 0 0
1770 0.0549 0.0799 0 0
1771 0.0433 0.0183 0 0
1772 0.0683 0.0183 0 0
1773 0.0616 0.0366 0 0
1774 0.0933 0.0183 0 0
1775 0.0799 0.0549 0 0
1776 1.2519 0.1278 0 0
1777 1.2644 0.1495 0 0
1778 1.2397 0.1484 0 0
1779 1.1481 0.3723 0 0
1780 1.1357 0.3505 0 0
1781 1.1603 0.3517 0 0
1782 1.8013 0.3920 0 0
1783 1.7767 0.3950 0 0
1784 1.7843 0.3768 0 0
1785 1.7521 0.3980 0 0
1786 1.7672 0.3617 0 0
1787 0.1987 0.1081 0 0
1788 0.2233 0.1050 0 0
1789 0.2157 0.1232 0 0
1790 0.2479 0.1020 0 0
1791 0.2328 0.1384 0 0
1792 1.0880 0.1834 0 0
1793 1.0629 0.1831 0 0
1794 1.0755 0.1642 0 0
1795 1.0502 0.2021 0 0
1796 1.0377 0.1829 0 0
1797 1.0627 0.2213 0 0
1798 1.0375 0.2210 0 0
1799 1.0126 0.1826 0 0
1800 1.0253 0.1637 0 0
1801 1.0627 0.1051 0 0
1802 1.0502 0.1246 0 0
1803 1.0376 0.1048 0 0
1804 1.0629 0.1444 0 0
1805 1.0378 0.1441 0 0
1806 1.0880 0.1447 0 0
1807 1.0126 0.1438 0 0
1808 0.7125 0.1442 0 0
1809 0.7375 0.1442 0 0
1810 0.7250 0.1634 0 0
1811 0.7500 0.1250 0 0
1812 0.7625 0.1442 0 0
1813 0.7375 0.1058 0 0
1814 0.7625 0.1058 0 0
1815 0.7875 0.1442 0 0
1816 0.7750 0.1634 0 0
1817 0.8125 0.1442 0 0
1818 0.8375 0.1442 0 0
1819 0.8250 0.1634 0 0
1820 0.8500 0.1250 0 0
1821 0.8625 0.1442 0 0
1822 0.8375 0.1058 0 0
1823 0.8625 0.1058 0 0
1824 0.8875 0.1442 0 0
1825 0.8750 0.1634 0 0
1826 0.7375 0.2210 0 0
1827 0.7500 0.2018 0 0
1828 0.7625 0.2210 0 0
1829 0.7375 0.1826 0 0
1830 0.7625 0.1826 0 0
1831 0.7125 0.1826 0 0
1832 0.7875 0.1826 0 0
1833 1.0125 0.2210 0 0
1834 0.9875 0.2210 0 0
1835 1.0001 0.2018 0 0
1836 0.9625 0.2210 0 0
1837 0.9876 0.1826 0 0
1838 0.8875 0.1058 0 0
1839 0.9125 0.1058 0 0
1840 0.9000 0.1250 0 0
1841 0.9375 0.1058 0 0
1842 0.9125 0.1442 0 0
1843 1.0880 0.1048 0 0
1844 1.1134 0.1045 0 0
1845 1.1007 0.1246 0 0
1846 0.4122 0.2219 0 0
1847 0.4375 0.2210 0 0
1848 0.3868 0.2228 0 0
1849 0.3997 0.2027 0 0
1850 0.3615 0.2237 0 0
1851 0.3872 0.1835 0 0
1852 0.4125 0.1826 0 0
1853 0.7875 0.1058 0 0
1854 0.8125 0.1058 0 0
1855 0.8000 0.1250 0 0
1856 0.7125 0.2210 0 0
1857 0.6875 0.2210 0 0
1858 0.7000 0.2018 0 0
1859 0.6625 0.2210 0 0
1860 0.6875 0.1826 0 0
1861 1.2874 0.2761 0 0
1862 1.3124 0.2774 0 0
1863 1.2997 0.2964 0 0
1864 1.3373 0.2788 0 0
1865 1.3120 0.3167 0 0
1866 0.6125 0.2210 0 0
1867 0.6375 0.2210 0 0
1868 0.5875 0.2210 0 0
1869 0.6000 0.2018 0 0
1870 0.5625 0.2210 0 0
1871 0.5875 0.1826 0 0
1872 0.6125 0.1826 0 0
1873 1.3875 0.2790 0 0
1874 1.3625 0.2790 0 0
1875 1.4125 0.2790 0 0
1876 1.4000 0.2982 0 0
1877 1.4375 0.2790 0 0
1878 1.4125 0.3174 0 0
1879 1.3875 0.3174 0 0
1880 0.5125 0.2210 0 0
1881 0.5375 0.2210 0 0
1882 0.4875 0.2210 0 0
1883 0.5000 0.2018 0 0
1884 0.4625 0.2210 0 0
1885 0.4875 0.1826 0 0
1886 0.5125 0.1826 0 0
1887 1.4875 0.2790 0 0
1888 1.4625 0.2790 0 0
1889 1.5125 0.2790 0 0
1890 1.5000 0.2982 0 0
1891 1.5375 0.2790 0 0
1892 1.5125 0.3174 0 0
1893 1.4875 0.3174 0 0
1894 0.6500 0.2018 0 0
1895 0.6375 0.1826 0 0
1896 0.6625 0.1826 0 0
1897 0.6250 0.1634 0 0
1898 0.6750 0.1634 0 0
1899 1.5875 0.2790 0 0
1900 1.5625 0.2790 0 0
1901 1.6125 0.2790 0 0
1902 1.6000 0.2982 0 0
1903 1.6375 0.2790 0 0
1904 1.6125 0.3174 0 0
1905 1.5875 0.3174 0 0
1906 0.5500 0.2018 0 0
1907 0.5375 0.1826 0 0
1908 0.5625 0.1826 0 0
1909 0.5250 0.1634 0 0
1910 0.5750 0.1634 0 0
1911 1.3498 0.2980 0 0
1912 1.3623 0.3172 0 0
1913 1.3372 0.3169 0 0
1914 1.3748 0.3364 0 0
1915 1.3245 0.3359 0 0
1916 1.4500 0.2982 0 0
1917 1.4625 0.3174 0 0
1918 1.4375 0.3174 0 0
1919 1.4750 0.3366 0 0
1920 1.4250 0.3366 0 0
1921 1.7088 0.3960 0 0
1922 1.7324 0.3967 0 0
1923 1.6851 0.3953 0 0
1924 1.6966 0.3764 0 0
1925 1.6615 0.3946 0 0
1926 1.6845 0.3569 0 0
1927 1.7081 0.3576 0 0
1928 0.3108 0.2230 0 0
1929 0.3374 0.2235 0 0
1930 0.2842 0.2226 0 0
1931 0.2996 0.2028 0 0
1932 0.2575 0.2221 0 0
1933 0.2883 0.1825 0 0
1934 0.3150 0.1830 0 0
1935 1.6884 0.2792 0 0
1936 1.6615 0.2794 0 0
1937 1.7153 0.2791 0 0
1938 1.6999 0.2988 0 0
1939 1.7422 0.2790 0 0
1940 1.7114 0.3184 0 0
1941 1.6845 0.3185 0 0
1942 1.5500 0.2982 0 0
1943 1.5625 0.3174 0 0
1944 1.5375 0.3174 0 0
1945 1.5750 0.3366 0 0
1946 1.5250 0.3366 0 0
1947 0.4500 0.2018 0 0
1948 0.4375 0.1826 0 0
1949 0.4625 0.1826 0 0
1950 0.4250 0.1634 0 0
1951 0.4750 0.1634 0 0
1952 0.8375 0.2210 0 0
1953 0.8500 0.2018 0 0
1954 0.8625 0.2210 0 0
1955 0.8375 0.1826 0 0
1956 0.8625 0.1826 0 0
1957 0.8125 0.1826 0 0
1958 0.8875 0.1826 0 0
1959 0.3503 0.2034 0 0
1960 0.3390 0.1831 0 0
1961 0.3631 0.1833 0 0
1962 0.3278 0.1629 0 0
1963 0.3759 0.1632 0 0
1964 1.6125 0.3942 0 0
1965 1.6375 0.3942 0 0
1966 1.5875 0.3942 0 0
1967 1.6000 0.3750 0 0
1968 1.5625 0.3942 0 0
1969 1.5875 0.3558 0 0
1970 1.6125 0.3558 0 0
1971 1.5625 0.3558 0 0
1972 1.5500 0.3750 0 0
1973 1.5375 0.3558 0 0
1974 1.5375 0.3942 0 0
1975 1.5125 0.3558 0 0
1976 1.6365 0.3178 0 0
1977 1.6240 0.3370 0 0
1978 1.6490 0.2986 0 0
1979 1.6605 0.3181 0 0
1980 1.6720 0.3377 0 0
1981 1.5125 0.3942 0 0
1982 1.4875 0.3942 0 0
1983 1.5000 0.3750 0 0
1984 1.4625 0.3942 0 0
1985 1.4875 0.3558 0 0
1986 1.6490 0.3754 0 0
1987 1.6365 0.3562 0 0
1988 1.6605 0.3565 0 0
1989 1.4625 0.3558 0 0
1990 1.4500 0.3750 0 0
1991 1.4375 0.3558 0 0
1992 1.4375 0.3942 0 0
1993 1.4125 0.3558 0 0
1994 1.4125 0.3945 0 0
1995 1.3875 0.3949 0 0
1996 1.4000 0.3753 0 0
1997 1.3624 0.3952 0 0
1998 1.3875 0.3561 0 0
1999 0.9125 0.2210 0 0
2000 0.9375 0.2210 0 0
2001 0.8875 0.2210 0 0
2002 0.9000 0.2018 0 0
2003 0.9125 0.1826 0 0
2004 1.3623 0.3559 0 0
2005 1.3498 0.3754 0 0
2006 1.3371 0.3556 0 0
2007 1.3373 0.3950 0 0
2008 1.3120 0.3554 0 0
2009 1.3120 0.3952 0 0
2010 1.2866 0.3955 0 0
2011 1.2993 0.3754 0 0
2012 0.2912 0.1042 0 0
2013 0.2676 0.1035 0 0
2014 0.3148 0.1049 0 0
2015 0.3032 0.1240 0 0
2016 0.3384 0.1056 0 0
2017 0.3153 0.1437 0 0
2018 0.2917 0.1430 0 0
2019 0.3875 0.1058 0 0
2020 0.3625 0.1058 0 0
2021 0.4125 0.1058 0 0
2022 0.4000 0.1250 0 0
2023 0.4375 0.1058 0 0
2024 0.4125 0.1442 0 0
2025 0.3875 0.1442 0 0
2026 0.3394 0.1439 0 0
2027 0.3509 0.1248 0 0
2028 0.3634 0.1440 0 0
2029 0.9876 0.1055 0 0
2030 0.9625 0.1058 0 0
2031 1.0126 0.1051 0 0
2032 1.0001 0.1246 0 0
2033 0.9876 0.1442 0 0
2034 0.4375 0.1442 0 0
2035 0.4500 0.1250 0 0
2036 0.4625 0.1442 0 0
2037 0.4625 0.1058 0 0
2038 0.4875 0.1442 0 0
2039 1.1126 0.2242 0 0
2040 1.0876 0.2228 0 0
2041 1.1003 0.2038 0 0
2042 0.4875 0.1058 0 0
2043 0.5125 0.1058 0 0
2044 0.5000 0.1250 0 0
2045 0.5375 0.1058 0 0
2046 0.5125 0.1442 0 0
2047 0.8125 0.2210 0 0
2048 0.7875 0.2210 0 0
2049 0.8000 0.2018 0 0
2050 0.5875 0.1058 0 0
2051 0.5625 0.1058 0 0
2052 0.6125 0.1058 0 0
2053 0.6000 0.1250 0 0
2054 0.6375 0.1058 0 0
2055 0.6125 0.1442 0 0
2056 0.5875 0.1442 0 0
2057 0.5375 0.1442 0 0
2058 0.5500 0.1250 0 0
2059 0.5625 0.1442 0 0
2060 0.6875 0.1058 0 0
2061 0.6625 0.1058 0 0
2062 0.7125 0.1058 0 0
2063 0.7000 0.1250 0 0
2064 0.6875 0.1442 0 0
2065 0.6375 0.1442 0 0
2066 0.6500 0.1250 0 0
2067 0.6625 0.1442 0 0
2068 0.9500 0.1250 0 0
2069 0.9626 0.1442 0 0
2070 0.9375 0.1442 0 0
2071 0.9751 0.1634 0 0
2072 0.9250 0.1634 0 0
2073 0.9626 0.1826 0 0
2074 0.9500 0.2018 0 0
2075 0.9375 0.1826 0 0
2076 1.9002 0.2909 0 0
2077 1.8997 0.2677 0 0
2078 1.9007 0.3141 0 0
2079 1.8813 0.3038 0 0
2080 1.8620 0.2935 0 0
2081 0.0998 0.2092 0 0
2082 0.1002 0.2323 0 0
2083 0.0993 0.1860 0 0
2084 0.1187 0.1963 0 0
2085 0.1380 0.2067 0 0
2086 0.2092 0.2726 0 0
2087 0.2202 0.2493 0 0
2088 0.1982 0.2958 0 0
2089 0.1873 0.2800 0 0
2090 0.1764 0.2641 0 0
2091 1.7908 0.2281 0 0
2092 1.7794 0.2517 0 0
2093 1.8022 0.2046 0 0
2094 1.8126 0.2206 0 0
2095 1.8231 0.2366 0 0
2096 1.8940 0.2000 0 0
2097 1.8971 0.2242 0 0
2098 1.8786 0.2178 0 0
2099 1.9002 0.2484 0 0
2100 1.8633 0.2355 0 0
2101 0.1060 0.3001 0 0
2102 0.1028 0.2759 0 0
2103 0.1211 0.2825 0 0
2104 0.0997 0.2518 0 0
2105 0.1362 0.2650 0 0
2106 0.1782 0.2059 0 0
2107 0.1776 0.2253 0 0
2108 0.1563 0.2133 0 0
2109 0.1989 0.2373 0 0
2110 0.1770 0.2447 0 0
2111 0.2208 0.2299 0 0
2112 0.1551 0.2521 0 0
2113 1.8217 0.2946 0 0
2114 1.8222 0.2752 0 0
2115 1.8435 0.2870 0 0
2116 1.8008 0.2635 0 0
2117 1.8226 0.2559 0 0
2118 1.7790 0.2710 0 0
2119 1.8444 0.2484 0 0
2120 0.0581 0.1195 0 0
2121 0.0779 0.1326 0 0
2122 0.0382 0.1064 0 0
2123 0.0565 0.0997 0 0
2124 0.0748 0.0930 0 0
2125 1.9419 0.3805 0 0
2126 1.9221 0.3674 0 0
2127 1.9618 0.3936 0 0
2128 1.9435 0.4003 0 0
2129 1.9252 0.4070 0 0
2130 1.9582 0.1078 0 0
2131 1.9348 0.1224 0 0
2132 1.9399 0.1011 0 0
2133 1.9113 0.1369 0 0
2134 1.9216 0.0944 0 0
2135 0.0418 0.3922 0 0
2136 0.0653 0.3776 0 0
2137 0.0601 0.3989 0 0
2138 0.0888 0.3631 0 0
2139 0.0784 0.4056 0 0
2140 1.8816 0.0607 0 0
2141 1.8691 0.0820 0 0
2142 1.8942 0.0395 0 0
2143 1.9009 0.0578 0 0
2144 1.9076 0.0761 0 0
2145 0.1184 0.4393 0 0
2146 0.1310 0.4180 0 0
2147 0.1059 0.4605 0 0
2148 0.0992 0.4422 0 0
2149 0.0925 0.4239 0 0
2150 1.8925 0.4577 0 0
2151 1.8782 0.4337 0 0
2152 1.8992 0.4394 0 0
2153 1.8640 0.4097 0 0
2154 1.9059 0.4211 0 0
2155 0.1075 0.0423 0 0
2156 0.1218 0.0663 0 0
2157 0.1008 0.0606 0 0
2158 0.1360 0.0903 0 0
2159 0.0941 0.0789 0 0
2160 0.1167 0.1044 0 0
2161 0.0973 0.1185 0 0
2162 0.0957 0.0987 0 0
2163 1.8833 0.3956 0 0
2164 1.9027 0.3815 0 0
2165 1.9043 0.4013 0 0
2166 1.8972 0.1186 0 0
2167 1.8832 0.1003 0 0
2168 1.9024 0.0974 0 0
2169 0.1029 0.3814 0 0
2170 0.1169 0.3997 0 0
2171 0.0977 0.4026 0 0
2172 0.2166 0.2086 0 0
2173 0.2379 0.2206 0 0
2174 0.1953 0.1966 0 0
2175 0.2124 0.1872 0 0
2176 0.2295 0.1779 0 0
2177 1.7833 0.2921 0 0
2178 1.7619 0.2803 0 0
2179 1.8046 0.3039 0 0
2180 1.7875 0.3132 0 0
2181 1.7704 0.3225 0 0
2182 1.7311 0.3197 0 0
2183 1.7157 0.3394 0 0
2184 1.7465 0.3000 0 0
2185 1.7508 0.3211 0 0
2186 1.7550 0.3422 0 0
2187 0.2687 0.1810 0 0
2188 0.2841 0.1612 0 0
2189 0.2533 0.2008 0 0
2190 0.2491 0.1794 0 0
2191 0.2449 0.1581 0 0
2192 1.8813 0.2613 0 0
2193 1.8624 0.2741 0 0
2194 1.8629 0.2548 0 0
2195 0.1185 0.2389 0 0
2196 0.1374 0.2261 0 0
2197 0.1368 0.2455 0 0
2198 1.7399 0.3785 0 0
2199 1.7278 0.3590 0 0
2200 1.7475 0.3603 0 0
2201 0.2600 0.1217 0 0
2202 0.2720 0.1415 0 0
2203 0.2524 0.1399 0 0
2204 1.6500 0.5866 0 0
2205 1.3510 0.5825 0 0
2206 1.1500 0.5866 0 0
2207 0.9500 0.9150 0 0
2208 0.0814 0.7548 0 0
2209 0.6500 0.5866 0 0
2210 0.4500 0.9134 0 0
2211 1.5500 0.9134 0 0
2212 1.2500 0.9134 0 0
2213 1.7500 0.9134 0 0
2214 0.8500 0.5866 0 0
2215 0.7490 0.9175 0 0
2216 0.3500 0.5866 0 0
2217 1.9186 0.7452 0 0
2218 0.2543 0.9178 0 0
2219 1.8431 0.5960 0 0
2220 0.1504 0.5847 0 0
2221 0.9500 0.5866 0 0
2222 0.8987 0.6724 0 0
2223 0.7998 0.6731 0 0
2224 0.9984 0.6707 0 0
2225 0.8496 0.7587 0 0
2226 0.7486 0.7572 0 0
2227 0.6997 0.6727 0 0
2228 0.6484 0.7585 0 0
2229 0.5997 0.6729 0 0
2230 0.5497 0.7579 0 0
2231 0.4999 0.6728 0 0
2232 0.4500 0.7589 0 0
2233 0.5970 0.8393 0 0
2234 0.4000 0.6730 0 0
2235 0.3500 0.7589 0 0
2236 0.3000 0.6730 0 0
2237 0.2424 0.7591 0 0
2238 0.1970 0.6646 0 0
2239 1.0500 0.9137 0 0
2240 0.9990 0.8311 0 0
2241 1.0999 0.8289 0 0
2242 0.4500 0.5865 0 0
2243 0.8499 0.9164 0 0
2244 1.8496 0.9153 0 0
2245 1.8018 0.8353 0 0
2246 1.7003 0.8282 0 0
2247 1.7579 0.7421 0 0
2248 1.6514 0.7440 0 0
2249 1.7445 0.5838 0 0
2250 1.6003 0.8277 0 0
2251 1.5503 0.7426 0 0
2252 1.5001 0.8273 0 0
2253 1.4514 0.7415 0 0
2254 1.4001 0.8269 0 0
2255 1.3529 0.7436 0 0
2256 1.5029 0.6607 0 0
2257 1.0497 0.5862 0 0
2258 0.7499 0.5865 0 0
2259 0.2496 0.5848 0 0
2260 0.3500 0.9134 0 0
2261 0.1576 0.9047 0 0
2262 1.4500 0.9135 0 0
2263 1.6500 0.9134 0 0
2264 1.1500 0.9138 0 0
2265 1.2502 0.5843 0 0
2266 1.2010 0.6688 0 0
2267 1.3500 0.9134 0 0
2268 1.2013 0.8296 0 0
2269 0.5499 0.5865 0 0
2270 1.3021 0.8286 0 0
2271 1.0999 0.6687 0 0
2272 1.9059 0.8419 0 0
2273 1.9205 0.6524 0 0
2274 0.0939 0.6580 0 0
2275 0.0808 0.8470 0 0
2276 1.8432 0.6939 0 0
2277 0.1572 0.8063 0 0
2278 1.5505 0.5813 0 0
2279 1.2512 0.7473 0 0
2280 1.4014 0.6614 0 0
2281 0.9493 0.7533 0 0
2282 0.5495 0.9188 0 0
2283 0.6988 0.8387 0 0
2284 1.6963 0.6628 0 0
2285 1.1505 0.7489 0 0
2286 1.0495 0.7503 0 0
2287 0.7993 0.8375 0 0
2288 0.4000 0.8366 0 0
2289 0.3038 0.8381 0 0
2290 1.3000 0.6634 0 0
2291 1.4510 0.5810 0 0
2292 1.6000 0.6634 0 0
2293 0.9000 0.8366 0 0
2294 0.6491 0.9191 0 0
2295 0.5000 0.8366 0 0
2296 1.9268 0.9268 0 0
2297 1.9268 0.5732 0 0
2298 0.0732 0.5732 0 0
2299 0.0732 0.9268 0 0
2300 1.7748 0.6566 0 0
2301 0.2260 0.8431 0 0
2302 1.8449 0.7709 0 0
2303 0.1551 0.7291 0 0
2304 0.1454 0.6613 0 0
2305 0.1221 0.6214 0 0
2306 0.1737 0.6246 0 0
2307 1.8539 0.8386 0 0
2308 1.8778 0.8786 0 0
2309 1.8257 0.8753 0 0
2310 1.8818 0.6732 0 0
2311 1.8431 0.6449 0 0
2312 1.8818 0.6242 0 0
2313 0.1190 0.8266 0 0
2314 0.1574 0.8555 0 0
2315 0.1192 0.8758 0 0
2316 0.1760 0.6968 0 0
2317 0.1245 0.6936 0 0
2318 1.8233 0.8031 0 0
2319 1.8754 0.8064 0 0
2320 1.8090 0.6752 0 0
2321 1.8089 0.6263 0 0
2322 0.1916 0.8247 0 0
2323 0.1918 0.8739 0 0
2324 1.3265 0.7035 0 0
2325 1.3507 0.6624 0 0
2326 1.3771 0.7025 0 0
2327 0.7739 0.7974 0 0
2328 0.7491 0.8381 0 0
2329 0.7237 0.7980 0 0
2330 1.0240 0.7105 0 0
2331 0.9994 0.7518 0 0
2332 0.9739 0.7120 0 0
2333 1.1759 0.7892 0 0
2334 1.2009 0.7481 0 0
2335 1.2263 0.7885 0 0
2336 0.5993 0.9189 0 0
2337 0.6245 0.9595 0 0
2338 0.5748 0.9594 0 0
2339 1.5007 0.5811 0 0
2340 1.4755 0.5405 0 0
2341 1.5252 0.5406 0 0
2342 0.2000 0.5847 0 0
2343 0.2233 0.6247 0 0
2344 0.2748 0.6289 0 0
2345 0.2485 0.6688 0 0
2346 0.2998 0.5857 0 0
2347 0.3250 0.6298 0 0
2348 0.3500 0.6730 0 0
2349 0.3750 0.6298 0 0
2350 0.4750 0.5433 0 0
2351 0.4250 0.5433 0 0
2352 0.5250 0.5432 0 0
2353 0.5000 0.5865 0 0
2354 0.4000 0.5866 0 0
2355 0.4250 0.6297 0 0
2356 0.5750 0.5432 0 0
2357 0.3750 0.5433 0 0
2358 0.6497 0.6728 0 0
2359 0.6248 0.6298 0 0
2360 0.6749 0.6297 0 0
2361 0.6000 0.5865 0 0
2362 0.6250 0.5433 0 0
2363 1.7223 0.5419 0 0
2364 1.6973 0.5852 0 0
2365 1.6750 0.5433 0 0
2366 1.7723 0.5419 0 0
2367 0.7000 0.5866 0 0
2368 0.7248 0.6296 0 0
2369 0.9250 0.9575 0 0
2370 0.9750 0.9575 0 0
2371 1.6751 0.8708 0 0
2372 1.6251 0.8705 0 0
2373 1.6503 0.8279 0 0
2374 0.9750 0.5433 0 0
2375 0.9250 0.5433 0 0
2376 1.8715 0.5480 0 0
2377 1.8215 0.5480 0 0
2378 1.1250 0.8713 0 0
2379 1.1000 0.9137 0 0
2380 1.0750 0.8713 0 0
2381 1.0250 0.9568 0 0
2382 1.0750 0.9568 0 0
2383 1.7938 0.5899 0 0
2384 1.6000 0.9134 0 0
2385 1.5751 0.8705 0 0
2386 1.0999 0.5864 0 0
2387 1.0749 0.5431 0 0
2388 1.1250 0.5433 0 0
2389 1.0249 0.5431 0 0
2390 1.5250 0.8704 0 0
2391 1.5502 0.8275 0 0
2392 1.0000 0.9144 0 0
2393 0.9742 0.6286 0 0
2394 0.9486 0.6716 0 0
2395 0.9243 0.6295 0 0
2396 0.5748 0.6297 0 0
2397 1.7000 0.9134 0 0
2398 1.7251 0.8708 0 0
2399 0.8743 0.6295 0 0
2400 0.9000 0.5866 0 0
2401 0.8749 0.9582 0 0
2402 0.8999 0.9157 0 0
2403 0.7750 0.5433 0 0
2404 0.7250 0.5433 0 0
2405 0.7748 0.6298 0 0
2406 0.8000 0.5866 0 0
2407 0.8249 0.6298 0 0
2408 1.7250 0.9567 0 0
2409 1.7750 0.9567 0 0
2410 1.7510 0.8318 0 0
2411 1.7759 0.8743 0 0
2412 0.7498 0.6729 0 0
2413 0.8250 0.5433 0 0
2414 1.5000 0.9135 0 0
2415 1.4751 0.8704 0 0
2416 1.6758 0.7861 0 0
2417 1.7046 0.7431 0 0
2418 1.7291 0.7852 0 0
2419 1.1506 0.8292 0 0
2420 1.1757 0.8717 0 0
2421 0.8249 0.9582 0 0
2422 1.6258 0.7858 0 0
2423 0.7995 0.9170 0 0
2424 0.7745 0.9588 0 0
2425 0.9999 0.5864 0 0
2426 1.6750 0.9567 0 0
2427 0.6750 0.5433 0 0
2428 1.0495 0.8300 0 0
2429 1.0245 0.8724 0 0
2430 1.5753 0.7851 0 0
2431 1.6008 0.7433 0 0
2432 1.7798 0.7887 0 0
2433 1.1250 0.9569 0 0
2434 0.8750 0.5433 0 0
2435 0.1788 0.9523 0 0
2436 0.2059 0.9112 0 0
2437 0.2272 0.9589 0 0
2438 1.9593 0.7726 0 0
2439 1.9593 0.7226 0 0
2440 0.2248 0.5424 0 0
2441 0.1752 0.5423 0 0
2442 1.4251 0.8702 0 0
2443 1.4501 0.8271 0 0
2444 0.3022 0.9156 0 0
2445 0.3250 0.9567 0 0
2446 0.2772 0.9589 0 0
2447 0.2962 0.7590 0 0
2448 0.2712 0.7161 0 0
2449 0.3250 0.7160 0 0
2450 0.8741 0.7156 0 0
2451 0.8247 0.7159 0 0
2452 0.8492 0.6728 0 0
2453 0.2197 0.7118 0 0
2454 1.5252 0.7850 0 0
2455 0.1252 0.5423 0 0
2456 0.1288 0.9523 0 0
2457 1.4000 0.9135 0 0
2458 1.3751 0.8702 0 0
2459 1.3750 0.9567 0 0
2460 1.4250 0.9568 0 0
2461 1.4757 0.7844 0 0
2462 1.5008 0.7420 0 0
2463 0.2748 0.5424 0 0
2464 0.3250 0.5433 0 0
2465 1.4750 0.9568 0 0
2466 1.5250 0.9567 0 0
2467 0.3750 0.9567 0 0
2468 0.4000 0.9134 0 0
2469 0.4250 0.9567 0 0
2470 1.4257 0.7842 0 0
2471 0.3750 0.7159 0 0
2472 1.4772 0.7011 0 0
2473 1.5266 0.7017 0 0
2474 0.4000 0.7589 0 0
2475 0.4250 0.7159 0 0
2476 1.3755 0.5412 0 0
2477 1.3255 0.5412 0 0
2478 1.6250 0.5433 0 0
2479 1.3006 0.5834 0 0
2480 1.2751 0.5421 0 0
2481 0.4750 0.9567 0 0
2482 1.5750 0.9567 0 0
2483 1.2250 0.9567 0 0
2484 1.2750 0.9567 0 0
2485 0.7245 0.9588 0 0
2486 1.1750 0.5433 0 0
2487 1.2251 0.5421 0 0
2488 1.2001 0.5854 0 0
2489 1.3765 0.7852 0 0
2490 1.4021 0.7425 0 0
2491 0.4499 0.6729 0 0
2492 0.4749 0.7158 0 0
2493 0.4998 0.7584 0 0
2494 0.5248 0.7154 0 0
2495 0.4749 0.6297 0 0
2496 1.8248 0.9577 0 0
2497 1.8748 0.9577 0 0
2498 1.7998 0.9144 0 0
2499 0.6227 0.7989 0 0
2500 0.5733 0.7986 0 0
2501 0.5990 0.7582 0 0
2502 0.5498 0.6729 0 0
2503 0.5747 0.7154 0 0
2504 0.6240 0.7157 0 0
2505 1.6250 0.9567 0 0
2506 0.6741 0.7156 0 0
2507 1.3250 0.9567 0 0
2508 1.2256 0.6265 0 0
2509 1.1755 0.6277 0 0
2510 0.9745 0.8731 0 0
2511 1.0241 0.6284 0 0
2512 1.1249 0.6277 0 0
2513 1.0748 0.6274 0 0
2514 0.5249 0.6297 0 0
2515 1.3000 0.9134 0 0
2516 0.6985 0.7579 0 0
2517 0.7241 0.7150 0 0
2518 1.1504 0.6688 0 0
2519 0.7991 0.7580 0 0
2520 0.7742 0.7151 0 0
2521 0.0407 0.7274 0 0
2522 0.0407 0.7774 0 0
2523 1.1750 0.9569 0 0
2524 1.2000 0.9136 0 0
2525 1.2760 0.8710 0 0
2526 1.3260 0.8710 0 0
2527 1.2257 0.8715 0 0
2528 1.3511 0.8278 0 0
2529 1.3275 0.7861 0 0
2530 1.2517 0.8291 0 0
2531 1.0492 0.6697 0 0
2532 1.9530 0.8710 0 0
2533 1.9530 0.8210 0 0
2534 1.9602 0.6762 0 0
2535 1.9602 0.6262 0 0
2536 0.0469 0.6290 0 0
2537 0.0469 0.6790 0 0
2538 0.0404 0.8235 0 0
2539 0.0404 0.8735 0 0
2540 1.4769 0.6209 0 0
2541 1.5267 0.6210 0 0
2542 0.6230 0.8792 0 0
2543 0.5733 0.8791 0 0
2544 0.7742 0.8775 0 0
2545 0.7239 0.8781 0 0
2546 1.0243 0.7907 0 0
2547 0.9742 0.7922 0 0
2548 1.1758 0.7088 0 0
2549 1.2261 0.7081 0 0
2550 1.3255 0.6229 0 0
2551 1.3762 0.6219 0 0
2552 1.5752 0.5406 0 0
2553 1.4264 0.7014 0 0
2554 0.9240 0.7129 0 0
2555 1.2766 0.7880 0 0
2556 0.5248 0.9594 0 0
2557 0.6736 0.7986 0 0
2558 1.4255 0.5405 0 0
2559 1.4010 0.5817 0 0
2560 1.2751 0.6238 0 0
2561 1.2505 0.6661 0 0
2562 1.5515 0.6621 0 0
2563 1.5751 0.7030 0 0
2564 0.9250 0.8758 0 0
2565 0.9495 0.8339 0 0
2566 0.6745 0.9595 0 0
2567 0.6991 0.9183 0 0
2568 0.5485 0.8380 0 0
2569 0.5248 0.7972 0 0
2570 1.9123 0.7935 0 0
2571 1.9196 0.6988 0 0
2572 0.0876 0.7064 0 0
2573 0.0811 0.8009 0 0
2574 1.9134 0.9634 0 0
2575 1.9634 0.9634 0 0
2576 1.9634 0.9134 0 0
2577 1.9634 0.5366 0 0
2578 1.9134 0.5366 0 0
2579 1.9634 0.5866 0 0
2580 0.0866 0.5366 0 0
2581 0.0366 0.5366 0 0
2582 0.0366 0.9634 0 0
2583 0.0866 0.9634 0 0
2584 0.0366 0.5866 0 0
2585 0.0366 0.9134 0 0
2586 1.2756 0.7054 0 0
2587 1.4262 0.6212 0 0
2588 1.5752 0.6223 0 0
2589 0.9246 0.7949 0 0
2590 0.6740 0.8789 0 0
2591 0.5248 0.8777 0 0
2592 1.6002 0.5839 0 0
2593 1.3021 0.7455 0 0
2594 1.4522 0.6611 0 0
2595 0.8994 0.7560 0 0
2596 0.4998 0.9161 0 0
2597 0.6479 0.8390 0 0
2598 1.7596 0.6202 0 0
2599 0.2402 0.8804 0 0
2600 1.6481 0.6631 0 0
2601 1.6250 0.6250 0 0
2602 1.6731 0.6247 0 0
2603 0.4500 0.8366 0 0
2604 0.4750 0.8750 0 0
2605 0.4250 0.8750 0 0
2606 0.8748 0.7977 0 0
2607 0.8497 0.8371 0 0
2608 0.8245 0.7981 0 0
2609 1.7204 0.6233 0 0
2610 1.1252 0.7088 0 0
2611 1.6738 0.7034 0 0
2612 1.7271 0.7025 0 0
2613 1.1252 0.7889 0 0
2614 1.0747 0.7896 0 0
2615 1.1000 0.7496 0 0
2616 1.0747 0.7095 0 0
2617 0.8246 0.8770 0 0
2618 0.4250 0.7977 0 0
2619 0.3750 0.7978 0 0
2620 0.3519 0.8374 0 0
2621 0.3269 0.7985 0 0
2622 0.2731 0.7986 0 0
2623 0.3750 0.8750 0 0
2624 0.3269 0.8758 0 0
2625 0.2791 0.8780 0 0
2626 1.6257 0.7037 0 0
2627 0.4750 0.7977 0 0
2628 0.8749 0.8765 0 0
2629 1.8809 0.7195 0 0
2630 0.1193 0.7806 0 0
2631 0.1988 0.7441 0 0
2632 1.8014 0.7565 0 0
2633 1.8817 0.7581 0 0
2634 0.1183 0.7419 0 0
2635 0.1562 0.7677 0 0
2636 0.1998 0.7827 0 0
2637 1.8440 0.7324 0 0
2638 1.8005 0.7180 0 0
2639 1.9236 0.6128 0 0
2640 0.0835 0.6156 0 0
2641 0.0770 0.8869 0 0
2642 1.9164 0.8844 0 0
2643 1.8849 0.5846 0 0
2644 0.1118 0.5789 0 0
2645 0.1154 0.9157 0 0
2646 1.8882 0.9211 0 0
2647 1.7663 0.6994 0 0
2648 0.2342 0.8011 0 0
2649 1.7355 0.6597 0 0
2650 0.2649 0.8406 0 0
2651 0.1712 0.6629 0 0
2652 0.1595 0.6430 0 0
2653 0.1853 0.6446 0 0
2654 0.1338 0.6413 0 0
2655 0.1479 0.6230 0 0
2656 0.1196 0.6597 0 0
2657 0.1080 0.6397 0 0
2658 0.1363 0.6030 0 0
2659 0.1621 0.6046 0 0
2660 1.8278 0.8370 0 0
2661 1.8398 0.8570 0 0
2662 1.8137 0.8553 0 0
2663 1.8658 0.8586 0 0
2664 1.8517 0.8770 0 0
2665 1.8799 0.8403 0 0
2666 1.8919 0.8603 0 0
2667 1.8637 0.8970 0 0
2668 1.8376 0.8953 0 0
2669 1.9011 0.6628 0 0
2670 1.8818 0.6487 0 0
2671 1.9011 0.6383 0 0
2672 1.8625 0.6590 0 0
2673 1.8624 0.6346 0 0
2674 1.8625 0.6835 0 0
2675 1.8431 0.6694 0 0
2676 1.8431 0.6204 0 0
2677 1.8624 0.6101 0 0
2678 0.0999 0.8368 0 0
2679 0.1191 0.8512 0 0
2680 0.1000 0.8614 0 0
2681 0.1382 0.8411 0 0
2682 0.1383 0.8656 0 0
2683 0.1381 0.8165 0 0
2684 0.1573 0.8309 0 0
2685 0.1575 0.8801 0 0
2686 0.1384 0.8902 0 0
2687 0.1865 0.6807 0 0
2688 0.1607 0.6791 0 0
2689 0.1503 0.6952 0 0
2690 0.1350 0.6774 0 0
2691 0.1656 0.7129 0 0
2692 0.1398 0.7113 0 0
2693 0.1092 0.6758 0 0
2694 1.8126 0.8192 0 0
2695 1.8386 0.8209 0 0
2696 1.8494 0.8048 0 0
2697 1.8646 0.8225 0 0
2698 1.8341 0.7870 0 0
2699 1.8601 0.7887 0 0
2700 1.8907 0.8242 0 0
2701 1.8261 0.6846 0 0
2702 1.8260 0.6601 0 0
2703 1.8089 0.6508 0 0
2704 1.8260 0.6356 0 0
2705 1.7919 0.6659 0 0
2706 1.7918 0.6414 0 0
2707 1.8260 0.6111 0 0
2708 0.1744 0.8155 0 0
2709 0.1745 0.8401 0 0
2710 0.1917 0.8493 0 0
2711 0.1746 0.8647 0 0
2712 0.2088 0.8339 0 0
2713 0.2089 0.8585 0 0
2714 0.1747 0.8893 0 0
2715 1.3397 0.7235 0 0
2716 1.3518 0.7030 0 0
2717 1.3650 0.7230 0 0
2718 1.3386 0.6829 0 0
2719 1.3639 0.6824 0 0
2720 1.3132 0.6834 0 0
2721 1.3253 0.6629 0 0
2722 1.3760 0.6619 0 0
2723 1.3893 0.6820 0 0
2724 0.7613 0.7773 0 0
2725 0.7488 0.7977 0 0
2726 0.7361 0.7776 0 0
2727 0.7615 0.8178 0 0
2728 0.7364 0.8181 0 0
2729 0.7866 0.8175 0 0
2730 0.7742 0.8378 0 0
2731 0.7240 0.8384 0 0
2732 0.7113 0.8184 0 0
2733 1.0112 0.6906 0 0
2734 0.9989 0.7112 0 0
2735 0.9862 0.6913 0 0
2736 1.0117 0.7311 0 0
2737 0.9866 0.7319 0 0
2738 1.0368 0.7304 0 0
2739 1.0245 0.7510 0 0
2740 0.9743 0.7525 0 0
2741 0.9616 0.7326 0 0
2742 1.1886 0.8094 0 0
2743 1.2011 0.7889 0 0
2744 1.2138 0.8090 0 0
2745 1.1884 0.7687 0 0
2746 1.2136 0.7683 0 0
2747 1.1632 0.7691 0 0
2748 1.1757 0.7485 0 0
2749 1.2260 0.7477 0 0
2750 1.2387 0.7679 0 0
2751 0.5744 0.9188 0 0
2752 0.5870 0.9391 0 0
2753 0.5621 0.9391 0 0
2754 0.6119 0.9392 0 0
2755 0.5996 0.9595 0 0
2756 0.6242 0.9190 0 0
2757 0.6368 0.9393 0 0
2758 0.6123 0.9798 0 0
2759 0.5874 0.9797 0 0
2760 1.5256 0.5812 0 0
2761 1.5130 0.5609 0 0
2762 1.5379 0.5609 0 0
2763 1.4881 0.5608 0 0
2764 1.5004 0.5406 0 0
2765 1.4758 0.5810 0 0
2766 1.4632 0.5607 0 0
2767 1.4877 0.5202 0 0
2768 1.5126 0.5203 0 0
2769 0.1752 0.5847 0 0
2770 0.1868 0.6047 0 0
2771 0.2116 0.6047 0 0
2772 0.1985 0.6247 0 0
2773 0.2248 0.5848 0 0
2774 0.2364 0.6047 0 0
2775 0.2101 0.6446 0 0
2776 0.2359 0.6467 0 0
2777 0.2227 0.6667 0 0
2778 0.2490 0.6268 0 0
2779 0.2616 0.6489 0 0
2780 0.2622 0.6069 0 0
2781 0.2874 0.6510 0 0
2782 0.2742 0.6709 0 0
2783 0.2999 0.6294 0 0
2784 0.3125 0.6514 0 0
2785 0.2873 0.6073 0 0
2786 0.3124 0.6078 0 0
2787 0.2747 0.5853 0 0
2788 0.3249 0.5862 0 0
2789 0.3375 0.6082 0 0
2790 0.3750 0.6730 0 0
2791 0.3625 0.6514 0 0
2792 0.3875 0.6514 0 0
2793 0.3375 0.6514 0 0
2794 0.3500 0.6298 0 0
2795 0.3250 0.6730 0 0
2796 0.3625 0.6082 0 0
2797 0.4875 0.5216 0 0
2798 0.4625 0.5216 0 0
2799 0.4500 0.5433 0 0
2800 0.4375 0.5216 0 0
2801 0.4625 0.5649 0 0
2802 0.4375 0.5649 0 0
2803 0.4125 0.5216 0 0
2804 0.5125 0.5216 0 0
2805 0.5000 0.5432 0 0
2806 0.5125 0.5649 0 0
2807 0.4875 0.5649 0 0
2808 0.5374 0.5649 0 0
2809 0.5249 0.5865 0 0
2810 0.4750 0.5865 0 0
2811 0.3750 0.5866 0 0
2812 0.3875 0.6082 0 0
2813 0.4125 0.6081 0 0
2814 0.4000 0.6298 0 0
2815 0.4250 0.5865 0 0
2816 0.4375 0.6081 0 0
2817 0.4125 0.6514 0 0
2818 0.5875 0.5216 0 0
2819 0.5625 0.5216 0 0
2820 0.5500 0.5432 0 0
2821 0.5375 0.5216 0 0
2822 0.5624 0.5649 0 0
2823 0.4000 0.5433 0 0
2824 0.3875 0.5217 0 0
2825 0.4125 0.5649 0 0
2826 0.3875 0.5649 0 0
2827 0.3625 0.5650 0 0
2828 0.6747 0.6728 0 0
2829 0.6623 0.6513 0 0
2830 0.6873 0.6512 0 0
2831 0.6373 0.6513 0 0
2832 0.6499 0.6297 0 0
2833 0.6247 0.6729 0 0
2834 0.6123 0.6513 0 0
2835 0.6374 0.6082 0 0
2836 0.6624 0.6081 0 0
2837 0.6250 0.5866 0 0
2838 0.6125 0.5649 0 0
2839 0.6375 0.5650 0 0
2840 0.5875 0.5649 0 0
2841 0.6000 0.5433 0 0
2842 0.5749 0.5865 0 0
2843 0.6125 0.5217 0 0
2844 1.7111 0.5210 0 0
2845 1.6986 0.5426 0 0
2846 1.6875 0.5217 0 0
2847 1.7098 0.5636 0 0
2848 1.6861 0.5643 0 0
2849 1.7334 0.5629 0 0
2850 1.7209 0.5845 0 0
2851 1.6736 0.5859 0 0
2852 1.6625 0.5650 0 0
2853 1.7861 0.5210 0 0
2854 1.7611 0.5210 0 0
2855 1.7473 0.5419 0 0
2856 1.7361 0.5210 0 0
2857 1.7584 0.5629 0 0
2858 0.6750 0.5866 0 0
2859 0.6874 0.6081 0 0
2860 0.7124 0.6081 0 0
2861 0.6998 0.6297 0 0
2862 0.7249 0.5865 0 0
2863 0.7374 0.6081 0 0
2864 0.7123 0.6512 0 0
2865 0.9125 0.9788 0 0
2866 0.9375 0.9788 0 0
2867 0.9500 0.9575 0 0
2868 0.9625 0.9788 0 0
2869 0.9375 0.9363 0 0
2870 0.9625 0.9363 0 0
2871 0.9875 0.9788 0 0
2872 1.6877 0.8495 0 0
2873 1.6627 0.8494 0 0
2874 1.6753 0.8281 0 0
2875 1.6501 0.8707 0 0
2876 1.6377 0.8492 0 0
2877 1.6626 0.8921 0 0
2878 1.6376 0.8920 0 0
2879 1.6127 0.8491 0 0
2880 1.6253 0.8278 0 0
2881 0.9875 0.5217 0 0
2882 0.9625 0.5217 0 0
2883 0.9500 0.5433 0 0
2884 0.9375 0.5217 0 0
2885 0.9625 0.5650 0 0
2886 0.9375 0.5650 0 0
2887 0.9125 0.5217 0 0
2888 1.8858 0.5240 0 0
2889 1.8608 0.5240 0 0
2890 1.8465 0.5480 0 0
2891 1.8358 0.5240 0 0
2892 1.8573 0.5720 0 0
2893 1.8323 0.5720 0 0
2894 1.8108 0.5240 0 0
2895 1.1124 0.8501 0 0
2896 1.1000 0.8713 0 0
2897 1.0874 0.8501 0 0
2898 1.1125 0.8925 0 0
2899 1.0875 0.8925 0 0
2900 1.1375 0.8926 0 0
2901 1.1250 0.9138 0 0
2902 1.0750 0.9137 0 0
2903 1.0625 0.8925 0 0
2904 1.0125 0.9784 0 0
2905 1.0375 0.9784 0 0
2906 1.0500 0.9568 0 0
2907 1.0625 0.9784 0 0
2908 1.0375 0.9353 0 0
2909 1.0625 0.9353 0 0
2910 1.0875 0.9784 0 0
2911 1.8184 0.5929 0 0
2912 1.8077 0.5689 0 0
2913 1.7830 0.5659 0 0
2914 1.7969 0.5449 0 0
2915 1.7691 0.5868 0 0
2916 1.6001 0.8705 0 0
2917 1.5877 0.8491 0 0
2918 1.6126 0.8920 0 0
2919 1.5876 0.8920 0 0
2920 1.6250 0.9134 0 0
2921 1.5750 0.9134 0 0
2922 1.5626 0.8920 0 0
2923 1.1249 0.5865 0 0
2924 1.1124 0.5648 0 0
2925 1.1375 0.5650 0 0
2926 1.0874 0.5647 0 0
2927 1.0999 0.5432 0 0
2928 1.0748 0.5863 0 0
2929 1.0623 0.5646 0 0
2930 1.0874 0.5215 0 0
2931 1.1125 0.5217 0 0
2932 1.0624 0.5215 0 0
2933 1.0499 0.5431 0 0
2934 1.0374 0.5215 0 0
2935 1.0373 0.5646 0 0
2936 1.0124 0.5215 0 0
2937 1.5375 0.8919 0 0
2938 1.5501 0.8705 0 0
2939 1.5376 0.8489 0 0
2940 1.5627 0.8490 0 0
2941 1.5126 0.8489 0 0
2942 1.5251 0.8274 0 0
2943 1.5752 0.8276 0 0
2944 0.9750 0.9147 0 0
2945 0.9875 0.9359 0 0
2946 1.0125 0.9356 0 0
2947 1.0000 0.9572 0 0
2948 1.0250 0.9140 0 0
2949 0.9621 0.6076 0 0
2950 0.9493 0.6291 0 0
2951 0.9372 0.6081 0 0
2952 0.9614 0.6501 0 0
2953 0.9364 0.6505 0 0
2954 0.9863 0.6497 0 0
2955 0.9735 0.6711 0 0
2956 0.9236 0.6720 0 0
2957 0.9115 0.6510 0 0
2958 0.5872 0.6513 0 0
2959 0.5998 0.6297 0 0
2960 0.5874 0.6081 0 0
2961 0.6124 0.6081 0 0
2962 0.5624 0.6081 0 0
2963 1.7250 0.9134 0 0
2964 1.7126 0.8921 0 0
2965 1.7376 0.8921 0 0
2966 1.6876 0.8921 0 0
2967 1.7001 0.8708 0 0
2968 1.6750 0.9134 0 0
2969 1.7127 0.8495 0 0
2970 0.9122 0.6081 0 0
2971 0.9250 0.5866 0 0
2972 0.8993 0.6295 0 0
2973 0.8872 0.6081 0 0
2974 0.8865 0.6510 0 0
2975 0.8622 0.6081 0 0
2976 0.8750 0.5866 0 0
2977 0.8875 0.9791 0 0
2978 0.9000 0.9579 0 0
2979 0.8874 0.9370 0 0
2980 0.9125 0.9366 0 0
2981 0.8624 0.9373 0 0
2982 0.8749 0.9161 0 0
2983 0.9250 0.9154 0 0
2984 0.7875 0.5216 0 0
2985 0.7625 0.5216 0 0
2986 0.7500 0.5433 0 0
2987 0.7375 0.5216 0 0
2988 0.7624 0.5649 0 0
2989 0.7374 0.5649 0 0
2990 0.7125 0.5216 0 0
2991 0.7873 0.6514 0 0
2992 0.7999 0.6298 0 0
2993 0.8123 0.6515 0 0
2994 0.7874 0.6082 0 0
2995 0.8124 0.6082 0 0
2996 0.7624 0.6081 0 0
2997 0.7749 0.5865 0 0
2998 0.8250 0.5866 0 0
2999 0.8374 0.6082 0 0
3000 1.7125 0.9783 0 0
3001 1.7375 0.9783 0 0
3002 1.7500 0.9567 0 0
3003 1.7625 0.9783 0 0
3004 1.7375 0.9350 0 0
3005 1.7625 0.9350 0 0
3006 1.7875 0.9783 0 0
3007 1.7505 0.8726 0 0
3008 1.7629 0.8939 0 0
3009 1.7381 0.8513 0 0
3010 1.7635 0.8530 0 0
3011 1.7257 0.8300 0 0
3012 1.7764 0.8335 0 0
3013 1.7888 0.8548 0 0
3014 0.7373 0.6513 0 0
3015 0.7247 0.6728 0 0
3016 0.7498 0.6297 0 0
3017 0.7623 0.6514 0 0
3018 0.7748 0.6730 0 0
3019 0.8125 0.5649 0 0
3020 0.8375 0.5650 0 0
3021 0.7875 0.5649 0 0
3022 0.8000 0.5433 0 0
3023 0.8125 0.5217 0 0
3024 1.5250 0.9134 0 0
3025 1.5125 0.8919 0 0
3026 1.4875 0.8919 0 0
3027 1.5001 0.8704 0 0
3028 1.4750 0.9135 0 0
3029 1.4625 0.8920 0 0
3030 1.4876 0.8489 0 0
3031 1.6881 0.8072 0 0
3032 1.7025 0.7856 0 0
3033 1.7147 0.8067 0 0
3034 1.6902 0.7646 0 0
3035 1.7169 0.7641 0 0
3036 1.6636 0.7651 0 0
3037 1.6780 0.7436 0 0
3038 1.7313 0.7426 0 0
3039 1.7435 0.7637 0 0
3040 1.1253 0.8290 0 0
3041 1.1378 0.8503 0 0
3042 1.1631 0.8505 0 0
3043 1.1503 0.8715 0 0
3044 1.1760 0.8294 0 0
3045 1.1885 0.8507 0 0
3046 1.1628 0.8927 0 0
3047 0.8125 0.9791 0 0
3048 0.8375 0.9791 0 0
3049 0.8499 0.9582 0 0
3050 0.8625 0.9791 0 0
3051 0.8374 0.9373 0 0
3052 1.6631 0.8070 0 0
3053 1.6381 0.8069 0 0
3054 1.6508 0.7860 0 0
3055 1.6130 0.8068 0 0
3056 1.6386 0.7649 0 0
3057 0.7743 0.9172 0 0
3058 0.7870 0.9379 0 0
3059 0.7618 0.9381 0 0
3060 0.8122 0.9376 0 0
3061 0.7997 0.9585 0 0
3062 0.8247 0.9167 0 0
3063 0.7873 0.9794 0 0
3064 0.9999 0.5432 0 0
3065 1.0124 0.5647 0 0
3066 0.9874 0.5648 0 0
3067 1.0248 0.5863 0 0
3068 0.9749 0.5865 0 0
3069 1.6875 0.9783 0 0
3070 1.7000 0.9567 0 0
3071 1.6875 0.9350 0 0
3072 1.7125 0.9350 0 0
3073 1.6625 0.9350 0 0
3074 0.7000 0.5433 0 0
3075 0.6875 0.5217 0 0
3076 0.7125 0.5649 0 0
3077 0.6875 0.5649 0 0
3078 0.6625 0.5650 0 0
3079 1.0243 0.8306 0 0
3080 1.0370 0.8512 0 0
3081 1.0118 0.8518 0 0
3082 1.0622 0.8506 0 0
3083 1.0497 0.8718 0 0
3084 1.0747 0.8294 0 0
3085 1.0373 0.8930 0 0
3086 1.5878 0.8064 0 0
3087 1.6005 0.7855 0 0
3088 1.5880 0.7642 0 0
3089 1.6133 0.7646 0 0
3090 1.5628 0.7639 0 0
3091 1.5755 0.7430 0 0
3092 1.6261 0.7437 0 0
3093 1.7401 0.8085 0 0
3094 1.7545 0.7869 0 0
3095 1.7654 0.8102 0 0
3096 1.7689 0.7654 0 0
3097 1.7908 0.8120 0 0
3098 1.0875 0.9353 0 0
3099 1.1125 0.9353 0 0
3100 1.1000 0.9569 0 0
3101 1.1375 0.9353 0 0
3102 1.1125 0.9784 0 0
3103 0.9000 0.5433 0 0
3104 0.8875 0.5217 0 0
3105 0.9125 0.5650 0 0
3106 0.8875 0.5650 0 0
3107 0.8625 0.5650 0 0
3108 0.1894 0.9762 0 0
3109 0.2030 0.9556 0 0
3110 0.2136 0.9794 0 0
3111 0.1924 0.9318 0 0
3112 0.2166 0.9350 0 0
3113 0.1682 0.9285 0 0
3114 0.1818 0.9079 0 0
3115 0.2301 0.9145 0 0
3116 0.2408 0.9383 0 0
3117 1.9797 0.7863 0 0
3118 1.9797 0.7613 0 0
3119 1.9593 0.7476 0 0
3120 1.9797 0.7363 0 0
3121 1.9390 0.7589 0 0
3122 1.9390 0.7339 0 0
3123 1.9797 0.7113 0 0
3124 0.8625 0.5217 0 0
3125 0.8500 0.5433 0 0
3126 0.8375 0.5217 0 0
3127 0.2124 0.5212 0 0
3128 0.2000 0.5424 0 0
3129 0.1876 0.5212 0 0
3130 0.2124 0.5636 0 0
3131 0.1876 0.5635 0 0
3132 0.2372 0.5636 0 0
3133 0.1628 0.5635 0 0
3134 1.4626 0.8488 0 0
3135 1.4751 0.8272 0 0
3136 1.4501 0.8703 0 0
3137 1.4376 0.8487 0 0
3138 1.4375 0.8919 0 0
3139 1.4126 0.8486 0 0
3140 1.4251 0.8270 0 0
3141 0.2783 0.9167 0 0
3142 0.2897 0.9372 0 0
3143 0.2658 0.9383 0 0
3144 0.3136 0.9361 0 0
3145 0.3011 0.9578 0 0
3146 0.3261 0.9145 0 0
3147 0.3375 0.9350 0 0
3148 0.3125 0.9783 0 0
3149 0.2886 0.9794 0 0
3150 0.3231 0.7590 0 0
3151 0.3106 0.7375 0 0
3152 0.3375 0.7374 0 0
3153 0.2837 0.7375 0 0
3154 0.2981 0.7160 0 0
3155 0.2693 0.7591 0 0
3156 0.2568 0.7376 0 0
3157 0.2856 0.6945 0 0
3158 0.3125 0.6945 0 0
3159 0.8864 0.6940 0 0
3160 0.8617 0.6942 0 0
3161 0.8739 0.6726 0 0
3162 0.8494 0.7157 0 0
3163 0.8370 0.6943 0 0
3164 0.8619 0.7371 0 0
3165 0.8371 0.7373 0 0
3166 0.8122 0.6945 0 0
3167 0.8245 0.6729 0 0
3168 0.2310 0.7355 0 0
3169 0.2454 0.7140 0 0
3170 0.2341 0.6903 0 0
3171 0.2598 0.6924 0 0
3172 0.2083 0.6882 0 0
3173 1.5627 0.8063 0 0
3174 1.5377 0.8062 0 0
3175 1.5502 0.7851 0 0
3176 1.5126 0.8062 0 0
3177 1.5377 0.7638 0 0
3178 0.1626 0.5212 0 0
3179 0.1502 0.5423 0 0
3180 0.1376 0.5212 0 0
3181 0.1378 0.5635 0 0
3182 0.1126 0.5212 0 0
3183 0.1144 0.9762 0 0
3184 0.1394 0.9762 0 0
3185 0.1538 0.9523 0 0
3186 0.1644 0.9762 0 0
3187 0.1432 0.9285 0 0
3188 0.2386 0.9794 0 0
3189 0.2522 0.9589 0 0
3190 0.2636 0.9794 0 0
3191 1.4250 0.9135 0 0
3192 1.4125 0.8918 0 0
3193 1.3875 0.8918 0 0
3194 1.4001 0.8702 0 0
3195 1.3750 0.9135 0 0
3196 1.3625 0.8918 0 0
3197 1.3876 0.8485 0 0
3198 1.3875 0.9784 0 0
3199 1.4000 0.9567 0 0
3200 1.4125 0.9784 0 0
3201 1.3875 0.9351 0 0
3202 1.4125 0.9351 0 0
3203 1.3625 0.9351 0 0
3204 1.4375 0.9351 0 0
3205 1.4879 0.8059 0 0
3206 1.5005 0.7847 0 0
3207 1.4883 0.7632 0 0
3208 1.5130 0.7635 0 0
3209 1.4636 0.7629 0 0
3210 1.4761 0.7417 0 0
3211 1.5256 0.7423 0 0
3212 0.2874 0.5212 0 0
3213 0.2624 0.5212 0 0
3214 0.2498 0.5424 0 0
3215 0.2374 0.5212 0 0
3216 0.2622 0.5636 0 0
3217 0.3124 0.5645 0 0
3218 0.3375 0.5650 0 0
3219 0.2873 0.5641 0 0
3220 0.2999 0.5429 0 0
3221 0.3125 0.5217 0 0
3222 1.4875 0.9784 0 0
3223 1.5000 0.9567 0 0
3224 1.5125 0.9783 0 0
3225 1.4875 0.9351 0 0
3226 1.5125 0.9351 0 0
3227 1.4625 0.9351 0 0
3228 1.5375 0.9350 0 0
3229 1.4375 0.9784 0 0
3230 1.4500 0.9568 0 0
3231 1.4625 0.9784 0 0
3232 0.3375 0.9783 0 0
3233 0.3500 0.9567 0 0
3234 0.3625 0.9783 0 0
3235 0.3625 0.9350 0 0
3236 0.3875 0.9783 0 0
3237 0.4000 0.9567 0 0
3238 0.4125 0.9783 0 0
3239 0.3875 0.9350 0 0
3240 0.4125 0.9350 0 0
3241 0.3750 0.9134 0 0
3242 0.4250 0.9134 0 0
3243 0.4375 0.9350 0 0
3244 1.4629 0.8058 0 0
3245 1.4379 0.8057 0 0
3246 1.4507 0.7843 0 0
3247 1.4129 0.8055 0 0
3248 1.4386 0.7628 0 0
3249 0.3500 0.7160 0 0
3250 0.3625 0.7374 0 0
3251 0.3375 0.6945 0 0
3252 0.3625 0.6945 0 0
3253 0.3875 0.6945 0 0
3254 1.4643 0.7213 0 0
3255 1.4890 0.7216 0 0
3256 1.5019 0.7014 0 0
3257 1.5137 0.7219 0 0
3258 1.4901 0.6809 0 0
3259 1.5148 0.6812 0 0
3260 1.5384 0.7221 0 0
3261 0.4250 0.7589 0 0
3262 0.4125 0.7374 0 0
3263 0.4375 0.7374 0 0
3264 0.3875 0.7374 0 0
3265 0.4000 0.7159 0 0
3266 0.3750 0.7589 0 0
3267 0.4125 0.6945 0 0
3268 1.3877 0.5206 0 0
3269 1.3627 0.5206 0 0
3270 1.3505 0.5412 0 0
3271 1.3377 0.5206 0 0
3272 1.3632 0.5619 0 0
3273 1.3382 0.5619 0 0
3274 1.3127 0.5206 0 0
3275 1.6625 0.5217 0 0
3276 1.6500 0.5433 0 0
3277 1.6375 0.5217 0 0
3278 1.6375 0.5650 0 0
3279 1.6125 0.5217 0 0
3280 1.3258 0.5829 0 0
3281 1.3130 0.5623 0 0
3282 1.2878 0.5628 0 0
3283 1.3003 0.5417 0 0
3284 1.2754 0.5838 0 0
3285 1.2626 0.5632 0 0
3286 1.2875 0.5211 0 0
3287 0.6625 0.5217 0 0
3288 0.6500 0.5433 0 0
3289 0.6375 0.5217 0 0
3290 0.4375 0.9783 0 0
3291 0.4500 0.9567 0 0
3292 0.4625 0.9783 0 0
3293 0.4625 0.9350 0 0
3294 0.4875 0.9783 0 0
3295 0.3625 0.5217 0 0
3296 0.3500 0.5433 0 0
3297 0.3375 0.5217 0 0
3298 1.5375 0.9783 0 0
3299 1.5500 0.9567 0 0
3300 1.5625 0.9783 0 0
3301 1.5625 0.9350 0 0
3302 1.5875 0.9783 0 0
3303 1.2125 0.9783 0 0
3304 1.2375 0.9783 0 0
3305 1.2500 0.9567 0 0
3306 1.2625 0.9783 0 0
3307 1.2375 0.9350 0 0
3308 1.2625 0.9350 0 0
3309 1.2875 0.9783 0 0
3310 0.7123 0.9794 0 0
3311 0.7373 0.9794 0 0
3312 0.7495 0.9588 0 0
3313 0.7623 0.9794 0 0
3314 0.7368 0.9381 0 0
3315 1.1875 0.5217 0 0
3316 1.1625 0.5217 0 0
3317 1.1500 0.5433 0 0
3318 1.1375 0.5217 0 0
3319 1.1625 0.5650 0 0
3320 1.2125 0.5211 0 0
3321 1.2000 0.5427 0 0
3322 1.2126 0.5638 0 0
3323 1.1875 0.5644 0 0
3324 1.2376 0.5632 0 0
3325 1.2251 0.5849 0 0
3326 1.1750 0.5860 0 0
3327 1.2625 0.5211 0 0
3328 1.2501 0.5421 0 0
3329 1.2375 0.5211 0 0
3330 1.3883 0.8061 0 0
3331 1.4011 0.7847 0 0
3332 1.3893 0.7639 0 0
3333 1.4139 0.7634 0 0
3334 1.3647 0.7644 0 0
3335 1.3775 0.7431 0 0
3336 1.4268 0.7420 0 0
3337 0.4500 0.7159 0 0
3338 0.4625 0.7374 0 0
3339 0.4375 0.6944 0 0
3340 0.4624 0.6944 0 0
3341 0.4250 0.6729 0 0
3342 0.4749 0.6729 0 0
3343 0.4874 0.6943 0 0
3344 0.5248 0.7581 0 0
3345 0.5123 0.7369 0 0
3346 0.5372 0.7366 0 0
3347 0.4874 0.7371 0 0
3348 0.4999 0.7156 0 0
3349 0.4749 0.7586 0 0
3350 0.5123 0.6941 0 0
3351 0.4375 0.6513 0 0
3352 0.4500 0.6297 0 0
3353 0.4624 0.6513 0 0
3354 0.4625 0.6081 0 0
3355 0.4874 0.6513 0 0
3356 1.8124 0.9788 0 0
3357 1.8374 0.9788 0 0
3358 1.8498 0.9577 0 0
3359 1.8624 0.9788 0 0
3360 1.8372 0.9365 0 0
3361 1.8622 0.9365 0 0
3362 1.8874 0.9788 0 0
3363 1.7878 0.8944 0 0
3364 1.7749 0.9139 0 0
3365 1.8008 0.8748 0 0
3366 1.8127 0.8948 0 0
3367 1.8247 0.9148 0 0
3368 0.6355 0.7787 0 0
3369 0.6109 0.7786 0 0
3370 0.6237 0.7584 0 0
3371 0.5980 0.7988 0 0
3372 0.5862 0.7784 0 0
3373 0.6099 0.8191 0 0
3374 0.5852 0.8190 0 0
3375 0.5615 0.7783 0 0
3376 0.5744 0.7581 0 0
3377 0.5497 0.7154 0 0
3378 0.5622 0.7367 0 0
3379 0.5373 0.6941 0 0
3380 0.5622 0.6941 0 0
3381 0.5248 0.6729 0 0
3382 0.5747 0.6729 0 0
3383 0.5872 0.6942 0 0
3384 0.6115 0.7370 0 0
3385 0.6362 0.7371 0 0
3386 0.5869 0.7368 0 0
3387 0.5994 0.7156 0 0
3388 0.6119 0.6943 0 0
3389 0.8618 0.6511 0 0
3390 0.8371 0.6513 0 0
3391 0.8496 0.6297 0 0
3392 1.6125 0.9783 0 0
3393 1.6375 0.9783 0 0
3394 1.6500 0.9567 0 0
3395 1.6625 0.9783 0 0
3396 1.6375 0.9350 0 0
3397 1.5875 0.9350 0 0
3398 1.6125 0.9350 0 0
3399 1.6000 0.9567 0 0
3400 0.6490 0.7157 0 0
3401 0.6612 0.7371 0 0
3402 0.6369 0.6943 0 0
3403 0.6619 0.6942 0 0
3404 0.6869 0.6942 0 0
3405 1.3125 0.9784 0 0
3406 1.3375 0.9784 0 0
3407 1.3500 0.9567 0 0
3408 1.3625 0.9784 0 0
3409 1.3375 0.9351 0 0
3410 1.2379 0.6054 0 0
3411 1.2128 0.6060 0 0
3412 1.2005 0.6271 0 0
3413 1.1878 0.6066 0 0
3414 1.2133 0.6477 0 0
3415 1.1882 0.6483 0 0
3416 1.1627 0.6072 0 0
3417 0.9623 0.8941 0 0
3418 0.9873 0.8937 0 0
3419 0.9995 0.8727 0 0
3420 1.0123 0.8934 0 0
3421 0.9868 0.8521 0 0
3422 0.9870 0.6075 0 0
3423 1.0120 0.6074 0 0
3424 0.9992 0.6285 0 0
3425 1.0369 0.6073 0 0
3426 1.0113 0.6496 0 0
3427 1.1375 0.6071 0 0
3428 1.1124 0.6070 0 0
3429 1.0999 0.6276 0 0
3430 1.0873 0.6069 0 0
3431 1.1124 0.6482 0 0
3432 1.0873 0.6481 0 0
3433 1.0623 0.6068 0 0
3434 0.5124 0.6512 0 0
3435 0.5373 0.6513 0 0
3436 0.5499 0.6297 0 0
3437 0.5623 0.6513 0 0
3438 0.5374 0.6081 0 0
3439 1.2750 0.9134 0 0
3440 1.2875 0.9351 0 0
3441 1.3125 0.9351 0 0
3442 1.3000 0.9567 0 0
3443 1.3250 0.9134 0 0
3444 0.7235 0.7575 0 0
3445 0.7113 0.7364 0 0
3446 0.7364 0.7361 0 0
3447 0.6863 0.7368 0 0
3448 0.6991 0.7153 0 0
3449 0.6734 0.7582 0 0
3450 0.7119 0.6939 0 0
3451 1.1757 0.6688 0 0
3452 1.1629 0.6482 0 0
3453 1.1377 0.6482 0 0
3454 1.1502 0.6277 0 0
3455 1.1251 0.6687 0 0
3456 0.8243 0.7583 0 0
3457 0.8119 0.7369 0 0
3458 0.7866 0.7365 0 0
3459 0.7994 0.7155 0 0
3460 0.7738 0.7576 0 0
3461 0.7614 0.7362 0 0
3462 0.7870 0.6941 0 0
3463 0.0203 0.7137 0 0
3464 0.0203 0.7387 0 0
3465 0.0407 0.7524 0 0
3466 0.0203 0.7637 0 0
3467 0.0610 0.7411 0 0
3468 0.0610 0.7661 0 0
3469 0.0203 0.7887 0 0
3470 1.1875 0.9784 0 0
3471 1.2000 0.9568 0 0
3472 1.1875 0.9352 0 0
3473 1.2125 0.9351 0 0
3474 1.1625 0.9353 0 0
3475 1.1750 0.9137 0 0
3476 1.2250 0.9135 0 0
3477 1.1375 0.9784 0 0
3478 1.1500 0.9569 0 0
3479 1.1625 0.9784 0 0
3480 1.2630 0.8922 0 0
3481 1.2880 0.8922 0 0
3482 1.3010 0.8710 0 0
3483 1.3130 0.8922 0 0
3484 1.2890 0.8498 0 0
3485 1.3140 0.8498 0 0
3486 1.3380 0.8922 0 0
3487 0.7492 0.7151 0 0
3488 0.7369 0.6939 0 0
3489 0.7620 0.6940 0 0
3490 1.1878 0.8926 0 0
3491 1.2007 0.8716 0 0
3492 1.2128 0.8925 0 0
3493 1.2135 0.8506 0 0
3494 1.2378 0.8924 0 0
3495 1.3505 0.8706 0 0
3496 1.3386 0.8494 0 0
3497 1.3631 0.8490 0 0
3498 1.3266 0.8282 0 0
3499 1.3756 0.8273 0 0
3500 0.4874 0.6081 0 0
3501 0.5124 0.6081 0 0
3502 0.4999 0.6297 0 0
3503 1.3638 0.8065 0 0
3504 1.3393 0.8069 0 0
3505 1.3520 0.7857 0 0
3506 1.3148 0.8074 0 0
3507 1.3402 0.7648 0 0
3508 1.2265 0.8294 0 0
3509 1.2387 0.8503 0 0
3510 1.2639 0.8501 0 0
3511 1.2508 0.8713 0 0
3512 1.2769 0.8289 0 0
3513 1.7874 0.9355 0 0
3514 1.8123 0.9360 0 0
3515 1.7999 0.9572 0 0
3516 1.0494 0.6279 0 0
3517 1.0620 0.6486 0 0
3518 1.0366 0.6491 0 0
3519 1.0745 0.6692 0 0
3520 1.0238 0.6702 0 0
3521 1.9765 0.8855 0 0
3522 1.9765 0.8605 0 0
3523 1.9530 0.8460 0 0
3524 1.9765 0.8355 0 0
3525 1.9295 0.8564 0 0
3526 1.9295 0.8314 0 0
3527 1.9765 0.8105 0 0
3528 1.9801 0.6881 0 0
3529 1.9801 0.6631 0 0
3530 1.9602 0.6512 0 0
3531 1.9801 0.6381 0 0
3532 1.9404 0.6643 0 0
3533 1.9404 0.6393 0 0
3534 1.9801 0.6131 0 0
3535 0.0235 0.6145 0 0
3536 0.0235 0.6395 0 0
3537 0.0469 0.6540 0 0
3538 0.0235 0.6645 0 0
3539 0.0704 0.6435 0 0
3540 0.0704 0.6685 0 0
3541 0.0235 0.6895 0 0
3542 0.0202 0.8117 0 0
3543 0.0202 0.8367 0 0
3544 0.0404 0.8485 0 0
3545 0.0202 0.8617 0 0
3546 0.0606 0.8352 0 0
3547 0.0606 0.8602 0 0
3548 0.0202 0.8867 0 0
3549 1.4899 0.6408 0 0
3550 1.5018 0.6209 0 0
3551 1.5148 0.6409 0 0
3552 1.4888 0.6010 0 0
3553 1.5137 0.6011 0 0
3554 1.4640 0.6009 0 0
3555 1.5386 0.6011 0 0
3556 0.6100 0.8593 0 0
3557 0.5982 0.8791 0 0
3558 0.5851 0.8592 0 0
3559 0.6112 0.8991 0 0
3560 0.5863 0.8990 0 0
3561 0.6361 0.8991 0 0
3562 0.5614 0.8989 0 0
3563 0.7365 0.8581 0 0
3564 0.7114 0.8584 0 0
3565 0.7616 0.8578 0 0
3566 0.7491 0.8778 0 0
3567 0.7868 0.8575 0 0
3568 0.7616 0.8975 0 0
3569 0.7365 0.8978 0 0
3570 0.9868 0.7720 0 0
3571 0.9617 0.7727 0 0
3572 1.0118 0.7712 0 0
3573 0.9992 0.7915 0 0
3574 1.0369 0.7705 0 0
3575 1.0117 0.8109 0 0
3576 0.9866 0.8117 0 0
3577 1.2135 0.7281 0 0
3578 1.2386 0.7277 0 0
3579 1.1883 0.7285 0 0
3580 1.2009 0.7085 0 0
3581 1.1632 0.7289 0 0
3582 1.1884 0.6888 0 0
3583 1.2135 0.6884 0 0
3584 1.3634 0.6422 0 0
3585 1.3888 0.6417 0 0
3586 1.3381 0.6427 0 0
3587 1.3508 0.6224 0 0
3588 1.3127 0.6432 0 0
3589 1.3382 0.6027 0 0
3590 1.3636 0.6022 0 0
3591 1.5876 0.5203 0 0
3592 1.5626 0.5203 0 0
3593 1.5502 0.5406 0 0
3594 1.5376 0.5203 0 0
3595 1.5629 0.5609 0 0
3596 1.3896 0.7225 0 0
3597 1.4018 0.7020 0 0
3598 1.4143 0.7220 0 0
3599 1.4139 0.6814 0 0
3600 1.4389 0.7214 0 0
3601 0.9612 0.6918 0 0
3602 0.9489 0.7124 0 0
3603 0.9363 0.6922 0 0
3604 0.9366 0.7331 0 0
3605 0.9113 0.6926 0 0
3606 1.2390 0.8088 0 0
3607 1.2514 0.7882 0 0
3608 1.2642 0.8085 0 0
3609 1.2639 0.7677 0 0
3610 1.2893 0.8083 0 0
3611 0.5124 0.9797 0 0
3612 0.5374 0.9797 0 0
3613 0.5498 0.9594 0 0
3614 0.5624 0.9797 0 0
3615 0.5371 0.9391 0 0
3616 0.7111 0.7779 0 0
3617 0.6987 0.7983 0 0
3618 0.6860 0.7782 0 0
3619 0.6862 0.8187 0 0
3620 0.6610 0.7786 0 0
3621 1.4127 0.5202 0 0
3622 1.4005 0.5409 0 0
3623 1.4132 0.5611 0 0
3624 1.3882 0.5615 0 0
3625 1.4382 0.5607 0 0
3626 1.4260 0.5814 0 0
3627 1.3760 0.5821 0 0
3628 1.2626 0.6041 0 0
3629 1.2503 0.6252 0 0
3630 1.2628 0.6450 0 0
3631 1.2380 0.6463 0 0
3632 1.2875 0.6436 0 0
3633 1.2752 0.6647 0 0
3634 1.2257 0.6674 0 0
3635 1.5272 0.6614 0 0
3636 1.5390 0.6819 0 0
3637 1.5633 0.6825 0 0
3638 1.5509 0.7023 0 0
3639 1.5757 0.6627 0 0
3640 1.5876 0.6832 0 0
3641 1.5627 0.7228 0 0
3642 0.9375 0.8954 0 0
3643 0.9498 0.8745 0 0
3644 0.9373 0.8549 0 0
3645 0.9620 0.8535 0 0
3646 0.9125 0.8562 0 0
3647 0.9248 0.8353 0 0
3648 0.9743 0.8325 0 0
3649 0.6873 0.9798 0 0
3650 0.6995 0.9591 0 0
3651 0.6868 0.9389 0 0
3652 0.7118 0.9385 0 0
3653 0.6618 0.9393 0 0
3654 0.6741 0.9187 0 0
3655 0.7241 0.9179 0 0
3656 0.5728 0.8387 0 0
3657 0.5609 0.8183 0 0
3658 0.5367 0.8176 0 0
3659 0.5491 0.7979 0 0
3660 0.5243 0.8373 0 0
3661 0.5124 0.8169 0 0
3662 0.5373 0.7776 0 0
3663 1.9561 0.7968 0 0
3664 1.9326 0.8073 0 0
3665 1.9358 0.7831 0 0
3666 1.9091 0.8177 0 0
3667 1.9155 0.7694 0 0
3668 1.9191 0.7220 0 0
3669 1.9394 0.7107 0 0
3670 1.9399 0.6875 0 0
3671 1.9598 0.6994 0 0
3672 1.9200 0.6756 0 0
3673 0.0438 0.7032 0 0
3674 0.0673 0.6927 0 0
3675 0.0642 0.7169 0 0
3676 0.0907 0.6822 0 0
3677 0.0845 0.7306 0 0
3678 0.0812 0.7779 0 0
3679 0.0609 0.7892 0 0
3680 0.0607 0.8122 0 0
3681 0.0405 0.8004 0 0
3682 0.0810 0.8239 0 0
3683 1.9067 0.9817 0 0
3684 1.9317 0.9817 0 0
3685 1.9384 0.9634 0 0
3686 1.9567 0.9817 0 0
3687 1.9201 0.9451 0 0
3688 1.9451 0.9451 0 0
3689 1.9817 0.9817 0 0
3690 1.9817 0.9567 0 0
3691 1.9634 0.9384 0 0
3692 1.9817 0.9317 0 0
3693 1.9451 0.9201 0 0
3694 1.9817 0.9067 0 0
3695 1.9817 0.5183 0 0
3696 1.9567 0.5183 0 0
3697 1.9384 0.5366 0 0
3698 1.9317 0.5183 0 0
3699 1.9451 0.5549 0 0
3700 1.9201 0.5549 0 0
3701 1.9067 0.5183 0 0
3702 1.9817 0.5933 0 0
3703 1.9817 0.5683 0 0
3704 1.9634 0.5616 0 0
3705 1.9817 0.5433 0 0
3706 1.9451 0.5799 0 0
3707 0.0933 0.5183 0 0
3708 0.0683 0.5183 0 0
3709 0.0616 0.5366 0 0
3710 0.0433 0.5183 0 0
3711 0.0799 0.5549 0 0
3712 0.0549 0.5549 0 0
3713 0.0183 0.5183 0 0
3714 0.0183 0.9817 0 0
3715 0.0433 0.9817 0 0
3716 0.0616 0.9634 0 0
3717 0.0683 0.9817 0 0
3718 0.0549 0.9451 0 0
3719 0.0799 0.9451 0 0
3720 0.0933 0.9817 0 0
3721 0.0183 0.5433 0 0
3722 0.0366 0.5616 0 0
3723 0.0183 0.5683 0 0
3724 0.0549 0.5799 0 0
3725 0.0183 0.5933 0 0
3726 0.0183 0.9067 0 0
3727 0.0183 0.9317 0 0
3728 0.0366 0.9384 0 0
3729 0.0183 0.9567 0 0
3730 0.0549 0.9201 0 0
3731 1.2383 0.6871 0 0
3732 1.2630 0.6857 0 0
3733 1.2508 0.7067 0 0
3734 1.2878 0.6844 0 0
3735 1.2634 0.7263 0 0
3736 1.3886 0.6018 0 0
3737 1.4136 0.6015 0 0
3738 1.4012 0.6216 0 0
3739 1.4386 0.6011 0 0
3740 1.4138 0.6413 0 0
3741 1.5629 0.6018 0 0
3742 1.5510 0.6217 0 0
3743 1.5634 0.6422 0 0
3744 1.5391 0.6415 0 0
3745 1.5876 0.6429 0 0
3746 0.9618 0.8130 0 0
3747 0.9371 0.8144 0 0
3748 0.9494 0.7936 0 0
3749 0.9123 0.8158 0 0
3750 0.9370 0.7741 0 0
3751 0.7115 0.8982 0 0
3752 0.6865 0.8986 0 0
3753 0.6989 0.8785 0 0
3754 0.6615 0.8990 0 0
3755 0.6864 0.8588 0 0
3756 0.5371 0.8982 0 0
3757 0.5490 0.8784 0 0
3758 0.5366 0.8578 0 0
3759 0.5609 0.8585 0 0
3760 0.5124 0.8571 0 0
3761 1.6251 0.5853 0 0
3762 1.6126 0.5636 0 0
3763 1.5877 0.5623 0 0
3764 1.6001 0.5420 0 0
3765 1.5754 0.5826 0 0
3766 1.3021 0.7870 0 0
3767 1.2893 0.7667 0 0
3768 1.3148 0.7658 0 0
3769 1.2766 0.7464 0 0
3770 1.3275 0.7445 0 0
3771 1.4518 0.7013 0 0
3772 1.4393 0.6813 0 0
3773 1.4647 0.6811 0 0
3774 1.4268 0.6612 0 0
3775 1.4775 0.6609 0 0
3776 0.8991 0.7142 0 0
3777 0.9117 0.7344 0 0
3778 0.8868 0.7358 0 0
3779 0.9244 0.7546 0 0
3780 0.8745 0.7574 0 0
3781 0.4749 0.9147 0 0
3782 0.4874 0.9364 0 0
3783 0.5123 0.9377 0 0
3784 0.4999 0.9580 0 0
3785 0.5246 0.9174 0 0
3786 0.6482 0.7988 0 0
3787 0.6608 0.8188 0 0
3788 0.6353 0.8190 0 0
3789 0.6734 0.8389 0 0
3790 0.6225 0.8392 0 0
3791 1.8013 0.6081 0 0
3792 1.7843 0.6232 0 0
3793 1.7767 0.6050 0 0
3794 1.7672 0.6384 0 0
3795 1.7521 0.6020 0 0
3796 0.1989 0.8926 0 0
3797 0.2160 0.8772 0 0
3798 0.2231 0.8958 0 0
3799 0.2331 0.8618 0 0
3800 0.2473 0.8991 0 0
3801 1.6722 0.6630 0 0
3802 1.6606 0.6439 0 0
3803 1.6847 0.6438 0 0
3804 1.6366 0.6441 0 0
3805 1.6491 0.6249 0 0
3806 1.6241 0.6633 0 0
3807 1.6125 0.6442 0 0
3808 1.6375 0.6058 0 0
3809 1.6616 0.6057 0 0
3810 0.4250 0.8366 0 0
3811 0.4375 0.8558 0 0
3812 0.4125 0.8558 0 0
3813 0.4625 0.8558 0 0
3814 0.4500 0.8750 0 0
3815 0.4750 0.8366 0 0
3816 0.4875 0.8558 0 0
3817 0.4625 0.8942 0 0
3818 0.4375 0.8942 0 0
3819 0.8622 0.7782 0 0
3820 0.8496 0.7979 0 0
3821 0.8370 0.7784 0 0
3822 0.8622 0.8174 0 0
3823 0.8371 0.8176 0 0
3824 0.8874 0.8171 0 0
3825 0.8748 0.8368 0 0
3826 0.8245 0.8373 0 0
3827 0.8119 0.8178 0 0
3828 1.7325 0.6036 0 0
3829 1.7088 0.6043 0 0
3830 1.6968 0.6240 0 0
3831 1.6852 0.6050 0 0
3832 1.7083 0.6431 0 0
3833 1.1631 0.6888 0 0
3834 1.1505 0.7088 0 0
3835 1.1378 0.6888 0 0
3836 1.1379 0.7288 0 0
3837 1.1125 0.6888 0 0
3838 1.6626 0.7237 0 0
3839 1.6892 0.7233 0 0
3840 1.7005 0.7029 0 0
3841 1.7159 0.7228 0 0
3842 1.6851 0.6831 0 0
3843 1.7117 0.6826 0 0
3844 1.7425 0.7223 0 0
3845 1.1126 0.8089 0 0
3846 1.1379 0.8091 0 0
3847 1.1506 0.7891 0 0
3848 1.1633 0.8092 0 0
3849 1.1379 0.7689 0 0
3850 1.0369 0.8104 0 0
3851 1.0495 0.7901 0 0
3852 1.0621 0.8098 0 0
3853 1.0621 0.7699 0 0
3854 1.0873 0.8092 0 0
3855 1.1253 0.7492 0 0
3856 1.1126 0.7292 0 0
3857 1.0874 0.7295 0 0
3858 1.0999 0.7091 0 0
3859 1.0748 0.7499 0 0
3860 1.0621 0.7299 0 0
3861 1.0873 0.6891 0 0
3862 1.1000 0.7892 0 0
3863 1.0874 0.7696 0 0
3864 1.1126 0.7692 0 0
3865 1.0619 0.6896 0 0
3866 1.0493 0.7100 0 0
3867 1.0366 0.6901 0 0
3868 0.7868 0.8972 0 0
3869 0.7994 0.8773 0 0
3870 0.8120 0.8970 0 0
3871 0.8120 0.8573 0 0
3872 0.8372 0.8967 0 0
3873 0.8118 0.7780 0 0
3874 0.7992 0.7977 0 0
3875 0.7865 0.7777 0 0
3876 0.4375 0.7783 0 0
3877 0.4125 0.7783 0 0
3878 0.4000 0.7977 0 0
3879 0.3875 0.7783 0 0
3880 0.4125 0.8172 0 0
3881 0.3875 0.8172 0 0
3882 0.3625 0.7783 0 0
3883 0.3759 0.8370 0 0
3884 0.3634 0.8176 0 0
3885 0.3394 0.8180 0 0
3886 0.3509 0.7981 0 0
3887 0.3278 0.8378 0 0
3888 0.3153 0.8183 0 0
3889 0.3384 0.7787 0 0
3890 0.3115 0.7788 0 0
3891 0.3000 0.7986 0 0
3892 0.2846 0.7788 0 0
3893 0.2884 0.8184 0 0
3894 0.2577 0.7789 0 0
3895 0.3625 0.8942 0 0
3896 0.3875 0.8942 0 0
3897 0.4000 0.8750 0 0
3898 0.4125 0.8942 0 0
3899 0.3875 0.8558 0 0
3900 0.3384 0.8946 0 0
3901 0.3509 0.8754 0 0
3902 0.3394 0.8566 0 0
3903 0.3634 0.8562 0 0
3904 0.3153 0.8570 0 0
3905 0.2667 0.8979 0 0
3906 0.2906 0.8968 0 0
3907 0.3030 0.8769 0 0
3908 0.3145 0.8957 0 0
3909 0.2914 0.8580 0 0
3910 1.6385 0.7239 0 0
3911 1.6498 0.7036 0 0
3912 1.6369 0.6834 0 0
3913 1.6610 0.6833 0 0
3914 1.6128 0.6836 0 0
3915 0.4625 0.7783 0 0
3916 0.4500 0.7977 0 0
3917 0.4625 0.8172 0 0
3918 0.4375 0.8172 0 0
3919 0.4875 0.8172 0 0
3920 0.8371 0.8570 0 0
3921 0.8623 0.8568 0 0
3922 0.8498 0.8767 0 0
3923 0.8875 0.8566 0 0
3924 0.8624 0.8965 0 0
3925 1.3130 0.6032 0 0
3926 1.3003 0.6234 0 0
3927 1.2878 0.6036 0 0
3928 1.4627 0.5202 0 0
3929 1.4505 0.5405 0 0
3930 1.4377 0.5202 0 0
3931 1.5880 0.7232 0 0
3932 1.6004 0.7034 0 0
3933 1.6133 0.7235 0 0
3934 0.8874 0.8961 0 0
3935 0.9000 0.8762 0 0
3936 0.9125 0.8958 0 0
3937 0.6373 0.9798 0 0
3938 0.6495 0.9595 0 0
3939 0.6623 0.9798 0 0
3940 0.5123 0.7778 0 0
3941 0.4999 0.7975 0 0
3942 0.4874 0.7781 0 0
3943 1.8998 0.7324 0 0
3944 1.9002 0.7092 0 0
3945 1.8814 0.6963 0 0
3946 1.9007 0.6860 0 0
3947 1.8620 0.7067 0 0
3948 0.1003 0.7677 0 0
3949 0.1002 0.7907 0 0
3950 0.1192 0.8036 0 0
3951 0.1001 0.8138 0 0
3952 0.1383 0.7934 0 0
3953 0.2206 0.7516 0 0
3954 0.2092 0.7280 0 0
3955 0.1874 0.7205 0 0
3956 0.1979 0.7043 0 0
3957 0.1769 0.7366 0 0
3958 1.7796 0.7493 0 0
3959 1.7906 0.7726 0 0
3960 1.8124 0.7798 0 0
3961 1.8016 0.7959 0 0
3962 1.8231 0.7637 0 0
3963 1.8938 0.8000 0 0
3964 1.8786 0.7822 0 0
3965 1.8970 0.7758 0 0
3966 1.8633 0.7645 0 0
3967 1.9002 0.7516 0 0
3968 0.1061 0.7000 0 0
3969 0.1214 0.7178 0 0
3970 0.1029 0.7242 0 0
3971 0.1367 0.7355 0 0
3972 0.0998 0.7484 0 0
3973 1.6126 0.6045 0 0
3974 1.6001 0.6237 0 0
3975 1.5877 0.6031 0 0
3976 1.2888 0.7254 0 0
3977 1.3010 0.7044 0 0
3978 1.3143 0.7245 0 0
3979 1.4392 0.6411 0 0
3980 1.4516 0.6210 0 0
3981 1.4645 0.6410 0 0
3982 0.9120 0.7755 0 0
3983 0.8997 0.7963 0 0
3984 0.8871 0.7768 0 0
3985 0.4874 0.8955 0 0
3986 0.4999 0.8763 0 0
3987 0.5123 0.8969 0 0
3988 0.6609 0.8590 0 0
3989 0.6485 0.8790 0 0
3990 0.6355 0.8591 0 0
3991 0.1567 0.7870 0 0
3992 0.1780 0.7752 0 0
3993 0.1785 0.7945 0 0
3994 0.1775 0.7559 0 0
3995 0.1993 0.7634 0 0
3996 0.1556 0.7484 0 0
3997 0.2211 0.7709 0 0
3998 1.8436 0.7132 0 0
3999 1.8223 0.7252 0 0
4000 1.8218 0.7060 0 0
4001 1.8227 0.7445 0 0
4002 1.8010 0.7373 0 0
4003 1.8444 0.7517 0 0
4004 1.7792 0.7301 0 0
4005 1.9221 0.6326 0 0
4006 1.9419 0.6195 0 0
4007 1.9435 0.5997 0 0
4008 1.9618 0.6064 0 0
4009 1.9252 0.5930 0 0
4010 0.0418 0.6078 0 0
4011 0.0601 0.6011 0 0
4012 0.0652 0.6223 0 0
4013 0.0784 0.5944 0 0
4014 0.0887 0.6368 0 0
4015 0.0789 0.8669 0 0
4016 0.0587 0.8802 0 0
4017 0.0568 0.9001 0 0
4018 0.0385 0.8934 0 0
4019 0.0751 0.9068 0 0
4020 1.9582 0.8922 0 0
4021 1.9399 0.8989 0 0
4022 1.9347 0.8777 0 0
4023 1.9216 0.9056 0 0
4024 1.9112 0.8631 0 0
4025 1.8925 0.5423 0 0
4026 1.8992 0.5606 0 0
4027 1.8782 0.5663 0 0
4028 1.9059 0.5789 0 0
4029 1.8640 0.5903 0 0
4030 0.1311 0.5818 0 0
4031 0.1185 0.5606 0 0
4032 0.0992 0.5578 0 0
4033 0.1059 0.5395 0 0
4034 0.0925 0.5761 0 0
4035 0.1077 0.9579 0 0
4036 0.1010 0.9396 0 0
4037 0.1221 0.9340 0 0
4038 0.0943 0.9213 0 0
4039 0.1365 0.9102 0 0
4040 1.8689 0.9182 0 0
4041 1.8815 0.9394 0 0
4042 1.9008 0.9422 0 0
4043 1.8941 0.9605 0 0
4044 1.9075 0.9239 0 0
4045 1.8833 0.6044 0 0
4046 1.9043 0.5987 0 0
4047 1.9027 0.6185 0 0
4048 1.8971 0.8815 0 0
4049 1.9023 0.9027 0 0
4050 1.8830 0.8998 0 0
4051 0.1028 0.6185 0 0
4052 0.0977 0.5973 0 0
4053 0.1170 0.6002 0 0
4054 0.1173 0.8958 0 0
4055 0.0962 0.9013 0 0
4056 0.0981 0.8813 0 0
4057 1.7621 0.7208 0 0
4058 1.7834 0.7087 0 0
4059 1.7876 0.6873 0 0
4060 1.8047 0.6966 0 0
4061 1.7705 0.6780 0 0
4062 0.2383 0.7801 0 0
4063 0.2170 0.7919 0 0
4064 0.2129 0.8129 0 0
4065 0.1957 0.8037 0 0
4066 0.2301 0.8221 0 0
4067 1.7159 0.6613 0 0
4068 1.7313 0.6811 0 0
4069 1.7509 0.6795 0 0
4070 1.7467 0.7009 0 0
4071 1.7551 0.6581 0 0
4072 0.2843 0.8394 0 0
4073 0.2690 0.8196 0 0
4074 0.2496 0.8209 0 0
4075 0.2536 0.7999 0 0
4076 0.2455 0.8419 0 0
4077 1.8813 0.7388 0 0
4078 1.8629 0.7452 0 0
4079 1.8625 0.7260 0 0
4080 0.1188 0.7613 0 0
4081 0.1372 0.7548 0 0
4082 0.1377 0.7741 0 0
4083 1.7400 0.6218 0 0
4084 1.7476 0.6399 0 0
4085 1.7280 0.6415 0 0
4086 0.2596 0.8792 0 0
4087 0.2525 0.8605 0 0
4088 0.2720 0.8593 0 0
